#NEXUS

[ Lorenzen E. D., P. Arctander, and H. R. Siegismund. 2006. Regional genetic structuring and evolutionary 
     history of the impala Aepyceros melampus. Journal of Heredity 97:119-132.

  Lorenzen, E. D., and H. R. Siegismund. 2004. No suggestion of hybridization between the vulnerable 
     black-faced impala (Aepyceros melampus petersi) and the common impala (A. m. melampus) in 
     Etosha NP, Namibia. Molecular Ecology 13:3007-3019. ]

begin data;
	dimensions nind=216 nloci=8;
	info
	ka117          ( 177 , 183 )  ( 122 , 124 )  ( 71 , 72 )  ( 61 , 61 )  ( 77 , 78 )  ( 54 , 62 )  ( 148 , 150 )  ( 105 , 107 )  , 
	ka118          ( 181 , 185 )  ( 124 , 126 )  ( 72 , 72 )  ( 61 , 61 )  ( 77 , 78 )  ( 58 , 62 )  ( 146 , 146 )  ( 105 , 105 )  , 
	ka119          ( 181 , 181 )  ( 126 , 128 )  ( 72 , 72 )  ( 60 , 61 )  ( 79 , 79 )  ( 57 , 62 )  ( 148 , 162 )  ( 105 , 105 )  , 
	ka120          ( 179 , 181 )  ( 122 , 124 )  ( 72 , 72 )  ( 60 , 60 )  ( 78 , 78 )  ( 54 , 62 )  ( 148 , 150 )  ( 105 , 105 )  , 
	ka121          ( 177 , 185 )  ( 124 , 124 )  ( 71 , 72 )  ( 61 , 61 )  ( 78 , 79 )  ( 58 , 62 )  ( 146 , 150 )  ( 105 , 105 )  , 
	ka122          ( 179 , 181 )  ( 124 , 126 )  ( 72 , 72 )  ( 60 , 61 )  ( 77 , 78 )  ( 54 , 57 )  ( 150 , 150 )  ( 105 , 105 )  , 
	ka123          ( 175 , 185 )  ( 124 , 124 )  ( 71 , 72 )  ( 60 , 60 )  ( 77 , 78 )  ( 57 , 58 )  (  ?  ,  ?  )  ( 105 , 105 )  , 
	ka124          ( 177 , 179 )  ( 124 , 126 )  ( 71 , 71 )  ( 60 , 60 )  ( 78 , 79 )  ( 62 , 62 )  ( 146 , 148 )  ( 105 , 105 )  , 
	ka125          ( 177 , 185 )  ( 124 , 126 )  ( 60 ,  ? )  ( 60 , 61 )  ( 77 , 77 )  ( 58 , 62 )  ( 146 , 152 )  ( 105 , 105 )  , 
	ka126          ( 177 , 177 )  ( 124 , 124 )  ( 72 , 72 )  ( 60 , 61 )  ( 78 , 82 )  ( 57 , 59 )  ( 144 , 150 )  ( 105 , 105 )  , 
	ka127          ( 179 , 181 )  ( 124 , 124 )  ( 72 , 72 )  ( 60 , 61 )  ( 77 , 78 )  ( 57 , 62 )  ( 148 , 150 )  ( 105 , 105 )  , 
	ka128          (  ?  ,  ?  )  ( 124 , 124 )  ( 71 , 72 )  ( 60 , 60 )  ( 77 , 78 )  ( 58 , 62 )  ( 150 , 150 )  ( 105 , 105 )  , 
	ka129          ( 177 , 181 )  ( 124 , 128 )  ( 72 , 72 )  ( 60 , 60 )  ( 77 , 78 )  ( 57 , 62 )  ( 146 , 148 )  ( 105 , 105 )  , 
	ka132          ( 179 , 181 )  ( 124 , 124 )  ( 71 , 71 )  ( 61 , 61 )  ( 77 , 78 )  ( 62 , 62 )  ( 148 , 148 )  ( 105 , 105 )  , 
	ka133          ( 179 , 181 )  ( 124 , 124 )  ( 61 ,  ? )  ( 61 , 61 )  ( 77 , 77 )  ( 57 , 62 )  ( 146 , 150 )  ( 104 , 105 )  , 
	om35           ( 177 , 179 )  ( 124 , 128 )  ( 72 , 72 )  ( 60 , 60 )  ( 77 , 77 )  ( 54 , 54 )  ( 148 , 150 )  ( 105 , 110 )  , 
	om54           (  ?  ,  ?  )  ( 124 , 124 )  ( 71 , 71 )  ( 60 , 60 )  ( 76 , 77 )  ( 54 , 54 )  ( 142 , 144 )  ( 105 , 107 )  , 
	om71           ( 175 , 183 )  ( 126 , 128 )  ( 71 , 71 )  ( 60 , 60 )  ( 77 , 79 )  ( 58 , 58 )  ( 152 , 154 )  ( 105 , 105 )  , 
	om72           (  ?  ,  ?  )  ( 124 , 124 )  ( 72 , 72 )  ( 60 , 61 )  ( 77 , 78 )  ( 54 , 57 )  ( 144 , 148 )  ( 105 , 105 )  , 
	om113          ( 177 , 177 )  ( 122 , 126 )  ( 72 , 72 )  ( 60 , 61 )  ( 77 , 77 )  ( 58 , 62 )  ( 144 , 150 )  ( 105 , 107 )  , 
	om114          ( 173 , 181 )  ( 124 , 124 )  ( 71 , 71 )  ( 60 , 61 )  ( 77 , 77 )  ( 58 , 58 )  ( 154 , 154 )  ( 105 , 106 )  , 
	om134          ( 175 , 177 )  ( 128 , 128 )  ( 71 , 72 )  ( 60 , 60 )  ( 77 , 79 )  ( 54 , 57 )  ( 148 , 152 )  ( 105 , 107 )  , 
	om196          ( 175 , 179 )  ( 124 , 130 )  ( 71 , 71 )  ( 60 , 60 )  ( 77 , 78 )  ( 58 , 61 )  (  ?  ,  ?  )  ( 105 , 105 )  , 
	om197          ( 179 , 185 )  ( 124 , 124 )  ( 71 , 71 )  ( 60 , 60 )  ( 77 , 78 )  ( 58 , 62 )  ( 148 , 150 )  (  ?  ,  ?  )  , 
	om198          ( 177 , 179 )  ( 124 , 128 )  ( 71 , 71 )  ( 60 , 60 )  ( 77 , 77 )  ( 54 , 54 )  (  ?  ,  ?  )  ( 105 , 107 )  , 
	om199          ( 177 , 179 )  ( 124 , 126 )  ( 72 , 72 )  ( 60 , 61 )  ( 77 , 77 )  ( 54 , 62 )  ( 148 , 150 )  ( 105 , 107 )  , 
	om200          ( 124 ,  ?  )  ( 124 , 124 )  ( 71 , 71 )  ( 60 , 62 )  ( 78 , 79 )  ( 57 , 62 )  ( 146 , 150 )  (  ?  ,  ?  )  , 
	om201          ( 181 , 187 )  ( 124 , 124 )  ( 71 , 72 )  ( 60 , 61 )  ( 77 , 78 )  ( 62 , 62 )  ( 154 , 156 )  ( 105 , 105 )  , 
	om202          ( 179 , 179 )  ( 122 , 124 )  ( 72 , 72 )  ( 60 , 61 )  ( 77 , 78 )  ( 54 , 58 )  ( 142 , 144 )  ( 105 , 105 )  , 
	om203          ( 175 , 177 )  ( 124 , 126 )  ( 72 , 72 )  ( 60 , 61 )  ( 77 , 77 )  ( 61 , 62 )  ( 148 , 150 )  ( 105 , 107 )  , 
	om204          ( 179 , 179 )  ( 124 , 124 )  ( 71 , 72 )  ( 61 , 61 )  ( 78 , 78 )  ( 57 , 58 )  ( 144 , 146 )  ( 105 , 105 )  , 
	ol55           ( 179 , 183 )  ( 124 , 124 )  ( 71 , 71 )  ( 60 , 60 )  ( 77 , 78 )  ( 57 , 58 )  ( 150 , 150 )  ( 105 , 110 )  , 
	ol57           ( 179 , 183 )  ( 124 , 128 )  ( 72 , 72 )  ( 60 , 60 )  ( 77 , 77 )  ( 54 , 57 )  ( 148 , 150 )  ( 105 , 105 )  , 
	ol62           ( 175 , 177 )  ( 124 , 124 )  ( 71 , 71 )  ( 60 , 60 )  ( 77 , 79 )  ( 54 , 62 )  ( 148 , 162 )  ( 105 , 105 )  , 
	ol73           ( 177 , 179 )  ( 124 , 126 )  ( 71 , 71 )  ( 60 , 60 )  ( 77 , 79 )  ( 58 , 61 )  ( 146 , 148 )  ( 105 , 105 )  , 
	ol74           ( 177 , 177 )  ( 124 , 124 )  ( 72 , 72 )  ( 60 , 60 )  ( 77 , 79 )  ( 54 , 58 )  ( 148 , 148 )  ( 105 , 105 )  , 
	ol75           ( 177 , 183 )  ( 124 , 126 )  ( 71 , 71 )  ( 60 , 60 )  ( 77 , 79 )  ( 54 , 58 )  ( 150 , 150 )  ( 105 , 105 )  , 
	ol76           ( 177 , 179 )  ( 124 , 124 )  ( 71 , 71 )  ( 60 , 60 )  ( 77 , 78 )  ( 54 , 57 )  ( 148 , 152 )  ( 105 , 105 )  , 
	ol77           ( 177 , 177 )  ( 122 , 124 )  ( 71 , 71 )  ( 60 , 60 )  ( 77 , 79 )  ( 57 , 63 )  ( 148 , 152 )  ( 105 , 105 )  , 
	ol79           ( 177 , 179 )  ( 124 , 128 )  ( 71 , 72 )  ( 60 , 60 )  ( 77 , 78 )  ( 54 , 58 )  ( 148 , 150 )  ( 105 , 105 )  , 
	ol81           ( 179 , 179 )  ( 124 , 128 )  ( 71 , 72 )  ( 60 , 60 )  ( 77 , 77 )  ( 54 , 54 )  ( 150 , 152 )  ( 105 , 105 )  , 
	ol82           ( 177 , 179 )  ( 126 , 128 )  ( 71 , 71 )  ( 60 , 60 )  ( 77 , 79 )  ( 56 , 57 )  ( 150 , 150 )  ( 105 , 105 )  , 
	ol83           ( 175 , 179 )  ( 124 , 124 )  ( 71 , 72 )  ( 60 , 60 )  ( 77 , 77 )  ( 57 , 58 )  ( 144 , 146 )  ( 105 , 110 )  , 
	ol84           ( 177 , 179 )  ( 124 , 128 )  ( 72 , 72 )  ( 60 , 61 )  ( 77 , 77 )  (  ? ,  ? )  ( 144 , 146 )  ( 105 , 105 )  , 
	ol85           ( 175 , 177 )  ( 124 , 126 )  ( 71 , 72 )  ( 60 , 60 )  ( 77 , 77 )  ( 58 , 61 )  ( 146 , 152 )  ( 105 , 105 )  , 
	ol106          ( 175 , 181 )  ( 124 , 128 )  ( 71 , 71 )  ( 60 , 61 )  ( 77 , 78 )  ( 57 , 58 )  ( 146 , 148 )  ( 105 , 105 )  , 
	ol107          ( 175 , 179 )  ( 124 , 124 )  ( 71 , 71 )  ( 60 , 60 )  ( 77 , 78 )  ( 54 , 63 )  ( 148 , 152 )  ( 105 , 105 )  , 
	ol108          ( 175 , 175 )  ( 124 , 128 )  ( 71 , 71 )  ( 60 , 60 )  ( 77 , 78 )  ( 54 , 62 )  ( 150 , 150 )  (  ?  ,  ?  )  , 
	ol109          ( 179 , 179 )  ( 124 , 126 )  ( 72 , 72 )  ( 60 , 60 )  ( 77 , 78 )  ( 63 , 63 )  ( 148 , 148 )  ( 105 , 105 )  , 
	ol110          ( 175 , 179 )  ( 124 , 128 )  ( 71 , 71 )  ( 60 , 61 )  ( 79 , 79 )  ( 58 , 58 )  ( 150 , 150 )  ( 105 , 107 )  , 
	ol111          ( 179 , 179 )  ( 124 , 124 )  ( 72 , 72 )  ( 60 , 60 )  ( 77 , 77 )  ( 57 , 61 )  ( 150 , 152 )  ( 104 , 105 )  , 
	ol135          ( 173 , 179 )  ( 124 , 124 )  ( 71 , 71 )  ( 60 , 61 )  ( 77 , 78 )  ( 54 , 63 )  ( 146 , 150 )  ( 105 , 105 )  , 
	ol136          ( 179 , 179 )  ( 124 , 128 )  ( 71 , 72 )  ( 60 , 60 )  ( 77 , 78 )  ( 57 , 63 )  ( 150 , 150 )  ( 105 , 105 )  , 
	ol137          ( 177 , 181 )  ( 124 , 128 )  ( 71 , 72 )  ( 60 , 60 )  ( 77 , 78 )  ( 58 , 62 )  ( 148 , 150 )  ( 105 , 105 )  , 
	ol138          ( 177 , 179 )  ( 124 , 124 )  ( 71 , 71 )  ( 60 , 61 )  ( 77 , 77 )  ( 57 , 62 )  ( 150 , 152 )  ( 105 , 107 )  , 
	ol139          ( 175 , 179 )  ( 124 , 124 )  ( 71 , 71 )  ( 60 , 60 )  ( 77 , 79 )  ( 54 , 57 )  ( 146 , 148 )  ( 105 , 105 )  , 
	ol140          ( 177 , 179 )  ( 124 , 126 )  ( 72 , 72 )  ( 60 , 60 )  ( 77 , 78 )  ( 57 , 61 )  ( 150 , 150 )  ( 105 , 105 )  , 
	ol141          ( 177 , 179 )  ( 124 , 128 )  ( 72 , 72 )  ( 60 , 60 )  ( 77 , 79 )  ( 58 , 62 )  ( 148 , 150 )  ( 105 , 109 )  , 
	ol142          ( 177 , 179 )  ( 124 , 124 )  ( 71 , 71 )  ( 61 , 61 )  ( 77 , 77 )  ( 57 , 63 )  ( 146 , 146 )  ( 107 , 110 )  , 
	ol143          ( 177 , 179 )  ( 124 , 126 )  ( 72 , 72 )  ( 60 , 60 )  ( 77 , 78 )  ( 57 , 61 )  ( 150 , 150 )  ( 105 , 105 )  , 
	ol144          ( 179 , 179 )  ( 124 , 124 )  ( 72 , 72 )  ( 60 , 60 )  ( 77 , 78 )  ( 54 , 58 )  ( 150 , 150 )  ( 105 , 105 )  , 
	ol145          ( 177 , 177 )  ( 124 , 124 )  ( 71 , 71 )  ( 60 , 60 )  ( 77 , 77 )  ( 54 , 61 )  ( 148 , 152 )  ( 106 , 107 )  , 
	ol146          ( 175 , 179 )  ( 124 , 126 )  ( 72 , 72 )  ( 60 , 61 )  ( 77 , 78 )  ( 58 , 61 )  ( 148 , 150 )  ( 105 , 106 )  , 
	ol147          ( 179 , 185 )  ( 124 , 126 )  ( 72 , 72 )  ( 60 , 60 )  ( 77 , 78 )  ( 57 , 63 )  ( 146 , 146 )  ( 105 , 110 )  , 
	ha64           ( 175 , 175 )  ( 122 , 126 )  ( 71 , 72 )  ( 61 , 61 )  ( 77 , 79 )  ( 57 , 58 )  ( 144 , 150 )  ( 105 , 105 )  , 
	ha65           ( 177 , 179 )  ( 122 , 128 )  ( 71 , 71 )  ( 60 , 60 )  ( 78 , 79 )  ( 58 , 58 )  ( 146 , 148 )  ( 105 , 105 )  , 
	ha67           ( 175 , 177 )  ( 124 , 124 )  ( 72 , 72 )  ( 60 , 61 )  ( 77 , 78 )  ( 54 , 58 )  ( 144 , 146 )  ( 105 , 105 )  , 
	ha68           ( 177 , 181 )  ( 124 , 124 )  ( 71 , 71 )  ( 61 , 61 )  ( 77 , 78 )  ( 58 , 58 )  ( 146 , 148 )  ( 104 , 105 )  , 
	ha69           ( 179 , 183 )  ( 124 , 124 )  ( 71 , 71 )  ( 60 , 60 )  ( 77 , 78 )  ( 58 , 62 )  ( 150 , 150 )  ( 105 , 105 )  , 
	ha87           ( 175 , 183 )  ( 124 , 128 )  ( 71 , 72 )  ( 61 , 61 )  ( 77 , 79 )  ( 58 , 61 )  ( 146 , 148 )  ( 105 , 107 )  , 
	ha89           ( 177 , 179 )  ( 126 , 126 )  ( 71 , 72 )  ( 60 , 60 )  ( 77 , 77 )  ( 57 , 57 )  ( 146 , 150 )  ( 105 , 107 )  , 
	ha90           ( 179 , 181 )  ( 124 , 124 )  ( 71 , 71 )  ( 60 , 61 )  ( 77 , 79 )  ( 61 , 62 )  ( 146 , 150 )  ( 105 , 106 )  , 
	ha91           ( 177 , 179 )  ( 124 , 126 )  ( 71 , 71 )  ( 60 , 61 )  ( 77 , 79 )  ( 57 , 58 )  ( 146 , 150 )  ( 105 , 106 )  , 
	ha93           ( 175 , 183 )  ( 124 , 124 )  ( 71 , 71 )  ( 60 , 61 )  ( 77 , 77 )  ( 56 , 57 )  ( 146 , 146 )  ( 105 , 109 )  , 
	ha94           ( 177 , 185 )  ( 143 ,  ?  )  ( 71 , 71 )  ( 60 , 61 )  ( 78 , 79 )  ( 58 , 58 )  (  ?  ,  ?  )  (  ?  ,  ?  )  , 
	ha95           ( 177 , 181 )  ( 122 , 124 )  ( 71 , 71 )  ( 60 , 61 )  (  ? ,  ? )  ( 57 , 61 )  ( 148 , 150 )  ( 105 , 109 )  , 
	ha97           (  ?  ,  ?  )  ( 126 , 126 )  ( 71 , 71 )  ( 60 , 61 )  ( 77 , 79 )  ( 54 , 58 )  (  ?  ,  ?  )  (  ?  ,  ?  )  , 
	ha98           ( 177 , 177 )  ( 124 , 124 )  ( 71 , 71 )  ( 60 , 61 )  ( 77 , 77 )  ( 57 , 62 )  ( 146 , 162 )  ( 105 , 105 )  , 
	ha99           ( 179 , 185 )  ( 124 , 124 )  ( 72 , 72 )  ( 60 , 60 )  ( 78 , 79 )  ( 57 , 58 )  ( 156 , 158 )  (  ?  ,  ?  )  , 
	ha100          ( 177 , 177 )  ( 124 , 124 )  ( 71 , 71 )  ( 60 , 60 )  ( 77 , 78 )  ( 58 , 61 )  ( 146 , 162 )  ( 105 , 105 )  , 
	ha101          ( 128 ,  ?  )  ( 128 , 128 )  ( 71 , 71 )  ( 61 , 61 )  ( 77 , 78 )  ( 58 , 61 )  ( 144 , 144 )  ( 105 , 105 )  , 
	ha102          ( 175 , 177 )  ( 126 , 128 )  ( 71 , 71 )  ( 60 , 60 )  ( 78 , 78 )  ( 58 , 58 )  ( 146 , 146 )  ( 105 , 107 )  , 
	ha205          ( 177 , 177 )  ( 124 , 124 )  ( 71 , 72 )  ( 60 , 60 )  ( 77 , 78 )  ( 54 , 62 )  ( 144 , 162 )  ( 105 , 107 )  , 
	ha206          ( 175 , 177 )  ( 126 , 128 )  ( 70 , 71 )  ( 60 , 61 )  ( 77 , 77 )  ( 57 , 60 )  ( 148 , 150 )  ( 105 , 105 )  , 
	ha207          ( 177 , 177 )  ( 124 , 124 )  ( 72 , 72 )  ( 60 , 61 )  ( 77 , 78 )  ( 57 , 61 )  ( 150 , 150 )  ( 105 , 105 )  , 
	ha208          ( 179 , 181 )  ( 124 , 124 )  (  ? ,  ? )  ( 60 , 60 )  ( 77 , 78 )  ( 58 , 61 )  ( 146 , 150 )  ( 105 , 105 )  , 
	ha209          ( 181 , 183 )  ( 124 , 124 )  ( 71 , 71 )  ( 60 , 61 )  ( 77 , 78 )  ( 58 , 62 )  ( 146 , 162 )  ( 105 , 105 )  , 
	ha210          ( 177 , 177 )  ( 124 , 128 )  ( 71 , 72 )  ( 60 , 61 )  ( 77 , 78 )  ( 57 , 58 )  ( 146 , 162 )  ( 105 , 105 )  , 
	ha211          ( 175 , 183 )  ( 124 , 128 )  ( 72 , 72 )  ( 60 , 61 )  ( 78 , 79 )  ( 56 , 61 )  ( 146 , 146 )  ( 105 , 106 )  , 
	ha212          ( 177 , 185 )  ( 122 , 124 )  ( 71 , 72 )  ( 60 , 61 )  ( 77 , 78 )  ( 61 , 61 )  ( 148 , 150 )  ( 105 , 107 )  , 
	ha213          ( 179 , 183 )  ( 122 , 124 )  ( 71 , 71 )  ( 60 , 60 )  ( 77 , 79 )  ( 56 , 57 )  ( 150 , 152 )  ( 105 , 107 )  , 
	ha215          ( 177 , 179 )  ( 122 , 124 )  ( 71 , 71 )  ( 60 , 60 )  ( 77 , 78 )  ( 56 , 57 )  ( 142 , 142 )  ( 105 , 107 )  , 
	ha216          ( 177 , 179 )  ( 122 , 126 )  (  ? ,  ? )  ( 60 , 61 )  ( 77 , 79 )  ( 56 , 57 )  ( 150 , 162 )  ( 107 , 109 )  , 
	ha218          ( 177 , 181 )  ( 124 , 124 )  ( 71 , 72 )  ( 61 , 61 )  ( 77 , 78 )  ( 56 , 57 )  ( 144 , 148 )  ( 105 , 105 )  , 
	ha219          ( 179 , 181 )  ( 124 , 124 )  ( 72 , 72 )  ( 60 , 60 )  ( 78 , 79 )  ( 56 , 61 )  ( 148 , 150 )  ( 105 , 106 )  , 
	ha220          ( 179 , 183 )  ( 124 , 124 )  ( 71 , 71 )  ( 61 , 61 )  ( 77 , 79 )  ( 61 , 61 )  ( 146 , 150 )  ( 105 , 105 )  , 
	ha221          ( 175 , 175 )  ( 124 , 124 )  ( 60 ,  ? )  ( 60 , 61 )  ( 77 , 77 )  ( 57 , 61 )  ( 148 , 148 )  ( 105 , 105 )  , 
	ha222          ( 177 , 177 )  ( 124 , 126 )  ( 72 , 72 )  ( 60 , 61 )  ( 77 , 78 )  ( 56 , 60 )  ( 160 , 160 )  ( 105 , 106 )  , 
	na152          ( 175 , 179 )  ( 124 , 128 )  ( 71 , 72 )  ( 60 , 61 )  ( 77 , 77 )  ( 58 , 58 )  (  ?  ,  ?  )  ( 105 , 105 )  , 
	na153          ( 175 , 175 )  ( 124 , 124 )  ( 71 , 71 )  ( 60 , 61 )  ( 77 , 79 )  ( 57 , 58 )  (  ?  ,  ?  )  ( 105 , 105 )  , 
	na154          ( 175 , 181 )  ( 124 , 126 )  ( 71 , 71 )  ( 60 , 60 )  ( 77 , 77 )  ( 58 , 62 )  ( 144 , 164 )  ( 105 , 105 )  , 
	na155          ( 175 , 179 )  ( 124 , 126 )  ( 72 , 72 )  ( 61 , 63 )  ( 78 , 82 )  ( 59 , 63 )  ( 146 , 150 )  ( 105 , 106 )  , 
	na156          ( 179 , 179 )  ( 124 , 124 )  ( 71 , 71 )  ( 60 , 60 )  ( 77 , 79 )  ( 57 , 58 )  ( 146 , 150 )  ( 105 , 109 )  , 
	na161          ( 181 , 181 )  ( 126 , 128 )  ( 71 , 71 )  ( 60 , 61 )  ( 79 , 79 )  ( 54 , 63 )  ( 144 , 146 )  ( 105 , 107 )  , 
	na174          ( 175 , 179 )  ( 124 , 124 )  ( 72 , 72 )  ( 60 , 60 )  ( 78 , 79 )  ( 54 , 58 )  ( 150 , 150 )  ( 105 , 105 )  , 
	na175          ( 175 , 181 )  ( 124 , 128 )  ( 71 , 72 )  ( 60 , 60 )  ( 77 , 79 )  ( 57 , 63 )  ( 146 , 150 )  ( 105 , 105 )  , 
	na176          ( 175 , 181 )  ( 124 , 124 )  ( 71 , 72 )  ( 60 , 60 )  ( 77 , 79 )  ( 57 , 63 )  ( 146 , 150 )  ( 105 , 105 )  , 
	na177          ( 173 , 173 )  ( 124 , 126 )  ( 71 , 71 )  ( 60 , 63 )  ( 78 , 78 )  ( 57 , 58 )  ( 150 , 150 )  ( 106 , 107 )  , 
	na178          ( 175 , 175 )  ( 120 , 120 )  ( 72 , 72 )  (  ? ,  ? )  ( 77 , 78 )  ( 58 , 59 )  (  ?  ,  ?  )  ( 105 , 105 )  , 
	na179          ( 175 , 179 )  ( 124 , 126 )  ( 71 , 72 )  ( 60 , 61 )  ( 77 , 78 )  ( 57 , 58 )  ( 146 , 146 )  ( 105 , 109 )  , 
	na180          ( 175 , 179 )  ( 124 , 124 )  ( 71 , 71 )  ( 60 , 63 )  ( 77 , 78 )  ( 58 , 58 )  ( 148 , 150 )  ( 105 , 105 )  , 
	na181          ( 177 , 179 )  ( 124 , 126 )  ( 71 , 72 )  ( 60 , 60 )  ( 78 , 78 )  ( 57 , 58 )  ( 146 , 148 )  ( 105 , 107 )  , 
	na182          ( 175 , 179 )  ( 124 , 124 )  ( 71 , 71 )  ( 60 , 60 )  ( 78 , 79 )  ( 54 , 57 )  ( 146 , 150 )  ( 105 , 105 )  , 
	na185          ( 175 , 175 )  ( 124 , 126 )  ( 71 , 72 )  ( 60 , 60 )  ( 77 , 78 )  ( 57 , 58 )  ( 146 , 150 )  ( 105 , 109 )  , 
	na186          ( 183 , 183 )  ( 124 , 128 )  ( 71 , 72 )  ( 60 , 60 )  ( 78 , 79 )  ( 54 , 58 )  ( 146 , 150 )  ( 105 , 107 )  , 
	na187          ( 175 , 175 )  ( 124 , 128 )  ( 71 , 71 )  ( 60 , 61 )  ( 77 , 78 )  ( 57 , 57 )  ( 144 , 150 )  ( 105 , 105 )  , 
	na188          ( 175 , 181 )  ( 128 , 128 )  ( 71 , 72 )  ( 60 , 60 )  ( 78 , 79 )  ( 58 , 63 )  ( 148 , 150 )  ( 105 , 105 )  , 
	na189          ( 175 , 179 )  ( 122 , 126 )  ( 71 , 71 )  ( 60 , 61 )  ( 77 , 78 )  ( 57 , 58 )  ( 144 , 150 )  ( 105 , 105 )  , 
	na190          ( 175 , 179 )  ( 124 , 126 )  ( 71 , 71 )  ( 60 , 61 )  ( 78 , 79 )  ( 57 , 57 )  ( 144 , 146 )  ( 105 , 105 )  , 
	na191          ( 173 , 179 )  ( 126 , 128 )  ( 72 , 72 )  ( 60 , 61 )  ( 78 , 79 )  ( 58 , 63 )  ( 146 , 150 )  ( 105 , 105 )  , 
	na192          ( 175 , 175 )  ( 124 , 126 )  ( 71 , 72 )  ( 60 , 63 )  ( 77 , 78 )  ( 58 , 58 )  ( 144 , 146 )  ( 105 , 105 )  , 
	na193          ( 177 , 181 )  ( 126 , 128 )  ( 71 , 71 )  ( 60 , 63 )  ( 77 , 78 )  ( 57 , 58 )  ( 150 , 150 )  ( 105 , 105 )  , 
	na194          ( 181 , 181 )  ( 124 , 124 )  ( 71 , 72 )  ( 60 , 60 )  ( 78 , 79 )  ( 58 , 63 )  ( 146 , 146 )  ( 105 , 105 )  , 
	na195          ( 175 , 179 )  ( 122 , 124 )  ( 71 , 72 )  ( 60 , 60 )  ( 77 , 79 )  ( 58 , 63 )  ( 146 , 150 )  ( 105 , 105 )  , 
	na1517         ( 177 , 181 )  ( 124 , 124 )  (  ? ,  ? )  ( 60 , 60 )  ( 76 , 77 )  ( 57 , 61 )  (  ?  ,  ?  )  ( 105 , 105 )  , 
	na1521         (  ?  ,  ?  )  ( 124 , 128 )  ( 71 , 72 )  (  ? ,  ? )  ( 77 , 78 )  ( 54 , 58 )  ( 148 , 152 )  (  ?  ,  ?  )  , 
	na2082         ( 177 , 183 )  ( 124 , 124 )  ( 71 , 71 )  ( 60 , 63 )  ( 78 , 79 )  ( 57 , 63 )  ( 148 , 150 )  (  ?  ,  ?  )  , 
	on9342         ( 181 , 181 )  ( 124 , 124 )  ( 72 , 72 )  ( 61 , 61 )  ( 77 , 78 )  ( 61 , 61 )  ( 148 , 150 )  ( 105 , 105 )  , 
	on9343         ( 181 , 185 )  ( 124 , 128 )  ( 71 , 71 )  ( 60 , 60 )  ( 78 , 79 )  ( 57 , 61 )  ( 150 , 150 )  ( 105 , 105 )  , 
	on9344         ( 175 , 185 )  ( 124 , 128 )  ( 71 , 72 )  ( 60 , 60 )  ( 78 , 78 )  ( 56 , 61 )  ( 148 , 150 )  ( 105 , 105 )  , 
	on9346         ( 181 , 181 )  ( 124 , 124 )  ( 71 , 71 )  ( 60 , 61 )  ( 77 , 82 )  ( 57 , 61 )  ( 152 , 152 )  ( 105 , 105 )  , 
	on9347         ( 181 , 183 )  ( 124 , 124 )  ( 71 , 71 )  ( 60 , 61 )  ( 77 , 79 )  ( 56 , 61 )  ( 144 , 148 )  ( 105 , 110 )  , 
	on9048         (  ?  ,  ?  )  ( 124 , 128 )  ( 73 , 73 )  ( 60 , 60 )  (  ? ,  ? )  (  ? ,  ? )  (  ?  ,  ?  )  ( 105 , 109 )  , 
	on9349         ( 177 , 179 )  ( 124 , 124 )  ( 71 , 71 )  ( 60 , 61 )  ( 77 , 78 )  ( 56 , 61 )  ( 148 , 150 )  ( 105 , 105 )  , 
	on9350         ( 177 , 181 )  ( 124 , 124 )  ( 71 , 71 )  ( 60 , 60 )  ( 77 , 78 )  ( 56 , 61 )  ( 142 , 142 )  ( 105 , 105 )  , 
	on9352         ( 173 , 185 )  ( 124 , 124 )  ( 71 , 71 )  ( 61 , 61 )  ( 78 , 78 )  ( 57 , 61 )  ( 148 , 150 )  ( 105 , 105 )  , 
	on9353         ( 173 , 179 )  ( 124 , 124 )  ( 71 , 71 )  ( 60 , 61 )  ( 78 , 79 )  ( 56 , 57 )  ( 215 ,  ?  )  ( 107 , 109 )  , 
	ch1510         (  ?  ,  ?  )  ( 128 , 130 )  ( 72 , 72 )  ( 59 , 60 )  ( 78 , 82 )  ( 58 , 64 )  ( 150 , 162 )  ( 107 , 111 )  , 
	ch1511         ( 183 , 183 )  ( 124 , 132 )  ( 71 , 72 )  ( 62 , 64 )  ( 78 , 81 )  ( 65 , 67 )  ( 142 , 150 )  ( 107 , 108 )  , 
	ch1518         ( 169 , 175 )  ( 128 , 128 )  ( 72 , 72 )  ( 60 , 62 )  ( 79 , 82 )  ( 63 , 67 )  ( 146 , 156 )  ( 106 , 106 )  , 
	ch1519         ( 181 , 183 )  ( 128 , 130 )  ( 72 , 72 )  ( 60 , 62 )  ( 78 , 79 )  ( 61 , 64 )  ( 144 , 144 )  ( 107 , 108 )  , 
	ch1523         ( 183 , 185 )  ( 128 , 130 )  ( 72 , 72 )  ( 59 , 64 )  ( 81 , 81 )  ( 64 , 65 )  ( 150 , 150 )  ( 107 , 108 )  , 
	ch1524         (  ?  ,  ?  )  ( 124 , 130 )  (  ? ,  ? )  ( 59 , 64 )  (  ? ,  ? )  (  ? ,  ? )  ( 150 , 154 )  ( 106 , 107 )  , 
	ch1525         ( 177 , 191 )  ( 128 , 130 )  ( 72 , 73 )  ( 59 , 60 )  ( 79 , 82 )  ( 60 , 66 )  ( 142 , 148 )  ( 108 , 111 )  , 
	ch1528         ( 169 , 171 )  ( 128 , 128 )  ( 72 , 73 )  ( 60 , 64 )  ( 79 , 82 )  ( 58 , 64 )  ( 148 , 152 )  ( 107 , 110 )  , 
	ch1539         ( 177 , 191 )  ( 124 , 130 )  ( 72 , 72 )  ( 59 , 59 )  ( 77 , 79 )  ( 61 , 67 )  ( 142 , 148 )  ( 107 , 108 )  , 
	ch1540         ( 183 , 183 )  ( 128 , 128 )  ( 72 , 72 )  ( 59 , 60 )  ( 78 , 81 )  ( 65 , 67 )  ( 150 , 152 )  (  ?  ,  ?  )  , 
	sh777          ( 179 , 181 )  ( 130 , 132 )  ( 72 , 72 )  ( 60 , 60 )  ( 80 , 81 )  ( 61 , 61 )  ( 144 , 158 )  ( 109 , 110 )  , 
	sh778          ( 177 , 181 )  ( 124 , 126 )  ( 72 , 72 )  ( 60 , 62 )  ( 81 , 81 )  ( 63 , 63 )  ( 144 , 148 )  ( 106 , 110 )  , 
	sh780          ( 183 , 183 )  ( 128 , 128 )  ( 72 , 72 )  ( 59 , 61 )  (  ? ,  ? )  ( 61 , 64 )  ( 144 , 156 )  ( 109 , 110 )  , 
	sh781          ( 173 , 181 )  ( 128 , 128 )  ( 72 , 72 )  ( 60 , 61 )  ( 81 , 84 )  ( 61 , 65 )  ( 144 , 148 )  ( 107 , 108 )  , 
	sh782          ( 169 , 169 )  ( 128 , 128 )  ( 71 , 72 )  ( 60 , 60 )  ( 79 , 83 )  ( 60 , 64 )  ( 144 , 148 )  ( 107 , 109 )  , 
	sh783          ( 179 , 181 )  ( 128 , 128 )  ( 72 , 72 )  ( 60 , 61 )  ( 78 , 80 )  ( 64 , 64 )  ( 144 , 148 )  ( 107 , 108 )  , 
	sh784          ( 173 , 177 )  ( 124 , 132 )  ( 72 , 72 )  ( 59 , 62 )  ( 79 , 79 )  ( 61 , 66 )  ( 142 , 148 )  ( 109 , 110 )  , 
	sh786          ( 169 , 173 )  ( 124 , 128 )  ( 72 , 72 )  ( 60 , 60 )  ( 81 , 83 )  ( 61 , 63 )  (  ?  ,  ?  )  ( 107 , 108 )  , 
	sh791          ( 177 , 181 )  ( 126 , 130 )  (  ? ,  ? )  ( 59 , 60 )  ( 79 , 83 )  ( 62 , 67 )  (  ?  ,  ?  )  ( 106 , 108 )  , 
	sh794          (  ?  ,  ?  )  ( 128 , 130 )  ( 72 , 72 )  ( 59 , 60 )  ( 79 , 80 )  ( 64 , 65 )  ( 142 , 142 )  (  ?  ,  ?  )  , 
	sh1520         ( 169 , 177 )  ( 126 , 130 )  ( 72 , 72 )  ( 60 , 62 )  ( 81 , 81 )  ( 66 , 67 )  ( 144 , 148 )  ( 105 , 108 )  , 
	kaf1541        ( 175 , 181 )  (  ?  ,  ?  )  ( 72 , 72 )  ( 60 , 61 )  (  ? ,  ? )  ( 54 , 54 )  ( 144 , 154 )  (  ?  ,  ?  )  , 
	kaf4558        ( 169 , 187 )  ( 124 , 128 )  ( 72 , 72 )  ( 60 , 60 )  ( 81 , 83 )  ( 65 , 66 )  ( 150 , 152 )  ( 107 , 108 )  , 
	kaf1536        ( 179 , 179 )  ( 124 , 128 )  ( 72 , 72 )  (  ? ,  ? )  ( 79 , 81 )  ( 62 , 64 )  ( 150 , 150 )  ( 107 , 110 )  , 
	kaf2452        ( 181 , 181 )  ( 128 , 130 )  ( 72 , 72 )  ( 60 , 60 )  ( 79 , 80 )  ( 62 , 66 )  ( 154 , 164 )  (  ?  ,  ?  )  , 
	kaf1512        ( 183 , 183 )  ( 124 , 130 )  (  ? ,  ? )  ( 60 , 64 )  ( 80 , 80 )  ( 61 , 66 )  (  ?  ,  ?  )  ( 107 , 109 )  , 
	lu1535         ( 181 , 185 )  ( 114 , 116 )  ( 72 , 72 )  ( 60 , 60 )  ( 77 , 79 )  ( 56 , 66 )  ( 146 , 146 )  (  ?  ,  ?  )  , 
	lu2558         ( 183 , 187 )  ( 128 , 130 )  (  ? ,  ? )  ( 60 , 62 )  ( 81 , 84 )  ( 66 , 67 )  ( 148 , 154 )  ( 107 , 107 )  , 
	lu4555         ( 179 , 183 )  ( 126 , 130 )  ( 72 , 72 )  ( 60 , 61 )  ( 79 , 83 )  ( 64 , 65 )  ( 148 , 154 )  ( 107 , 110 )  , 
	lu1489         ( 169 , 181 )  ( 126 , 130 )  ( 72 , 72 )  ( 59 , 64 )  ( 82 , 82 )  ( 65 , 66 )  ( 146 , 146 )  ( 107 , 110 )  , 
	lu1534         ( 181 , 181 )  ( 130 , 130 )  ( 71 , 72 )  ( 60 , 60 )  ( 80 , 81 )  ( 63 , 66 )  ( 140 , 144 )  ( 107 , 107 )  , 
	lu4557         (  ?  ,  ?  )  ( 126 , 126 )  ( 72 , 73 )  ( 60 , 60 )  ( 78 , 81 )  ( 65 , 65 )  (  ?  ,  ?  )  ( 107 , 107 )  , 
	se3370         ( 183 , 183 )  ( 128 , 130 )  ( 72 , 72 )  ( 59 , 62 )  ( 76 , 76 )  ( 66 , 67 )  ( 136 , 140 )  ( 108 , 110 )  , 
	se3371         (  ?  ,  ?  )  ( 130 , 130 )  ( 72 , 72 )  ( 61 , 61 )  ( 76 , 76 )  ( 61 , 67 )  ( 144 , 144 )  ( 106 , 106 )  , 
	se1496         ( 183 , 189 )  ( 128 , 128 )  ( 72 , 72 )  ( 60 , 61 )  ( 77 , 78 )  ( 63 , 65 )  ( 154 , 154 )  ( 106 , 108 )  , 
	se1507         ( 185 , 187 )  ( 128 , 130 )  ( 72 , 73 )  ( 60 , 60 )  ( 76 , 79 )  ( 63 , 67 )  ( 146 , 146 )  ( 108 , 109 )  , 
	se8414         ( 181 , 183 )  ( 128 , 128 )  ( 72 , 73 )  ( 60 , 61 )  ( 76 , 78 )  ( 66 , 67 )  (  ?  ,  ?  )  ( 108 , 110 )  , 
	se8515         ( 183 , 183 )  ( 130 , 130 )  ( 72 , 72 )  ( 60 , 60 )  ( 76 , 76 )  ( 63 , 66 )  (  ?  ,  ?  )  ( 108 , 108 )  , 
	se8516         ( 181 , 187 )  ( 128 , 130 )  ( 72 , 73 )  ( 61 , 61 )  ( 77 , 80 )  ( 63 , 63 )  (  ?  ,  ?  )  ( 107 , 108 )  , 
	se8517         ( 181 , 183 )  ( 128 , 130 )  ( 72 , 73 )  ( 59 , 61 )  ( 78 , 80 )  ( 66 , 67 )  (  ?  ,  ?  )  ( 105 , 107 )  , 
	se8518         ( 183 , 183 )  ( 126 , 126 )  ( 72 , 73 )  ( 60 , 61 )  ( 76 , 83 )  ( 67 , 67 )  (  ?  ,  ?  )  ( 108 , 110 )  , 
	se8519         ( 181 , 183 )  ( 128 , 130 )  ( 72 , 72 )  ( 61 , 62 )  ( 76 , 76 )  ( 67 , 68 )  (  ?  ,  ?  )  ( 108 , 110 )  , 
	se8716         ( 189 , 189 )  ( 128 , 130 )  ( 72 , 72 )  ( 61 , 61 )  ( 80 , 80 )  ( 57 , 58 )  ( 140 , 152 )  ( 107 , 108 )  , 
	se8719         ( 181 , 181 )  ( 120 , 120 )  ( 72 , 72 )  ( 61 , 61 )  ( 76 , 80 )  ( 66 , 67 )  (  ?  ,  ?  )  ( 107 , 108 )  , 
	bu1538         ( 179 , 189 )  ( 126 , 130 )  ( 71 , 72 )  ( 61 , 61 )  ( 78 , 80 )  ( 59 , 67 )  (  ?  ,  ?  )  ( 108 , 109 )  , 
	bu1484         (  ?  ,  ?  )  ( 130 , 132 )  ( 71 , 72 )  ( 61 , 61 )  ( 78 , 80 )  ( 65 , 66 )  ( 140 , 140 )  ( 106 , 106 )  , 
	bu1491         ( 179 , 183 )  ( 128 , 128 )  ( 70 , 71 )  ( 61 , 61 )  ( 80 , 81 )  ( 58 , 60 )  ( 138 , 140 )  ( 105 , 110 )  , 
	bu1509         ( 173 , 179 )  ( 128 , 128 )  ( 72 , 72 )  ( 61 , 61 )  ( 80 , 80 )  ( 57 , 57 )  ( 140 , 142 )  ( 108 , 110 )  , 
	bu3940         ( 181 , 181 )  ( 130 , 130 )  (  ? ,  ? )  ( 61 , 62 )  ( 80 , 81 )  ( 57 , 57 )  ( 140 , 144 )  ( 107 , 107 )  , 
	bu3941         ( 179 , 183 )  ( 108 , 108 )  (  ? ,  ? )  ( 63 , 64 )  ( 79 , 80 )  ( 60 , 60 )  (  ?  ,  ?  )  ( 112 , 112 )  , 
	bu3942         ( 181 , 185 )  ( 130 , 130 )  ( 72 , 73 )  ( 60 , 61 )  ( 79 , 80 )  ( 58 , 64 )  ( 140 , 140 )  ( 105 , 106 )  , 
	bu3943         ( 183 , 183 )  ( 130 , 130 )  ( 72 , 72 )  ( 59 , 61 )  ( 80 , 81 )  ( 57 , 64 )  ( 138 , 138 )  ( 106 , 109 )  , 
	bu3944         ( 183 , 183 )  ( 130 , 130 )  ( 72 , 72 )  ( 61 , 61 )  ( 78 , 80 )  ( 56 , 56 )  ( 140 , 142 )  ( 106 , 108 )  , 
	bu4001         ( 167 , 169 )  ( 112 , 124 )  ( 72 , 72 )  ( 59 , 60 )  ( 78 , 78 )  ( 56 , 57 )  (  ?  ,  ?  )  (  ?  ,  ?  )  , 
	bu4002         ( 183 , 185 )  ( 128 , 130 )  ( 71 , 72 )  ( 60 , 61 )  ( 80 , 81 )  ( 66 , 66 )  ( 140 , 140 )  ( 107 , 109 )  , 
	bu4003         ( 179 , 185 )  ( 126 , 130 )  ( 72 , 72 )  ( 59 , 60 )  ( 80 , 80 )  ( 57 , 66 )  ( 140 , 140 )  ( 106 , 108 )  , 
	bu4004         ( 179 , 183 )  ( 132 , 134 )  ( 71 , 73 )  (  ? ,  ? )  ( 81 , 83 )  ( 58 , 66 )  (  ?  ,  ?  )  ( 105 , 109 )  , 
	im4651         ( 183 , 185 )  ( 130 , 130 )  ( 72 , 72 )  ( 60 , 61 )  ( 80 , 80 )  ( 65 , 66 )  ( 144 , 154 )  ( 106 , 108 )  , 
	im1487         ( 187 , 189 )  ( 132 , 132 )  ( 71 , 72 )  ( 60 , 61 )  ( 76 , 76 )  ( 56 , 57 )  ( 144 , 154 )  ( 104 , 105 )  , 
	im4656         ( 183 , 185 )  ( 128 , 130 )  ( 72 , 72 )  ( 61 , 61 )  ( 80 , 82 )  ( 68 , 68 )  ( 144 , 144 )  ( 106 , 108 )  , 
	im1606         ( 179 , 181 )  ( 130 , 130 )  ( 72 , 72 )  ( 61 , 61 )  ( 82 , 82 )  ( 57 , 60 )  (  ?  ,  ?  )  ( 108 , 109 )  , 
	im1502         ( 181 , 183 )  ( 130 , 130 )  ( 72 , 72 )  ( 61 , 61 )  ( 82 , 82 )  ( 57 , 60 )  (  ?  ,  ?  )  ( 108 , 110 )  , 
	im4660         ( 181 , 183 )  ( 128 , 130 )  ( 71 , 71 )  ( 60 , 61 )  ( 80 , 82 )  ( 59 , 60 )  ( 144 , 146 )  ( 108 , 108 )  , 
	im1504         ( 181 , 181 )  ( 128 , 128 )  ( 72 , 72 )  ( 61 , 61 )  ( 82 , 82 )  ( 60 , 66 )  ( 142 , 144 )  ( 108 , 108 )  , 
	im4659         ( 181 , 181 )  ( 128 , 130 )  ( 72 , 72 )  ( 61 , 61 )  ( 80 , 82 )  ( 59 , 60 )  ( 144 , 144 )  ( 108 , 108 )  , 
	im1490         ( 181 , 183 )  ( 128 , 132 )  ( 72 , 72 )  ( 60 , 61 )  ( 82 , 82 )  ( 59 , 60 )  (  ?  ,  ?  )  ( 108 , 108 )  , 
	im1505         ( 181 , 181 )  ( 128 , 130 )  ( 71 , 72 )  ( 60 , 61 )  ( 80 , 82 )  ( 60 , 66 )  ( 144 , 146 )  ( 108 , 108 )  , 
	im1488         (  ?  ,  ?  )  ( 128 , 130 )  ( 71 , 73 )  ( 60 , 61 )  (  ? ,  ? )  ( 56 , 57 )  ( 142 , 152 )  (  ?  ,  ?  )  , 
	im1503         ( 167 , 183 )  ( 130 , 130 )  ( 72 , 72 )  ( 61 , 61 )  ( 80 , 82 )  ( 60 , 60 )  ( 146 , 146 )  ( 106 , 108 )  , 
	sa350          ( 179 , 183 )  ( 128 , 128 )  ( 71 , 71 )  ( 61 , 61 )  (  ? ,  ? )  ( 56 , 58 )  ( 142 , 142 )  ( 108 , 109 )  , 
	sa351          ( 169 , 179 )  ( 128 , 128 )  ( 73 , 73 )  ( 61 , 61 )  ( 81 , 82 )  ( 56 , 58 )  ( 140 , 154 )  ( 105 , 108 )  , 
	sa352          ( 169 , 179 )  ( 128 , 128 )  ( 72 , 73 )  ( 61 , 62 )  ( 80 , 80 )  ( 57 , 58 )  ( 142 , 154 )  ( 108 , 108 )  , 
	sa353          ( 179 , 185 )  ( 128 , 128 )  ( 73 , 73 )  ( 61 , 61 )  ( 80 , 81 )  ( 56 , 58 )  ( 140 , 146 )  ( 108 , 110 )  , 
	sa355          ( 179 , 179 )  ( 128 , 128 )  ( 73 , 73 )  ( 61 , 61 )  ( 80 , 80 )  ( 56 , 58 )  ( 140 , 142 )  ( 108 , 108 )  , 
	sa356          ( 179 , 179 )  ( 128 , 128 )  ( 72 , 73 )  ( 61 , 61 )  ( 82 , 82 )  ( 56 , 57 )  ( 140 , 140 )  ( 108 , 108 )  , 
	sa358          ( 169 , 183 )  ( 128 , 132 )  ( 73 , 73 )  ( 61 , 61 )  (  ? , ?  )  ( 56 , 57 )  ( 142 , 154 )  ( 108 , 108 )  , 
	sa359          ( 179 , 187 )  ( 128 , 128 )  ( 73 , 73 )  ( 61 , 61 )  ( 80 , 80 )  ( 59 , 59 )  ( 140 , 140 )  ( 106 , 107 )  , 
	sa360          (  ?  ,  ?  )  ( 128 , 132 )  ( 72 , 73 )  ( 61 , 61 )  (  ? ,  ? )  ( 57 , 60 )  ( 140 , 140 )  ( 108 , 108 )  , 
	sa1077         ( 179 , 187 )  (  ?  ,  ?  )  ( 72 , 73 )  ( 61 , 61 )  ( 80 , 81 )  ( 56 , 57 )  ( 140 , 146 )  ( 107 , 107 )
	;
end;

