#NEXUS
	
[ Orth, A., T. Adama, W. Din, and F. Bonhomme. 1998. Hybridation
     naturelle entre deux sous espèces de souris domestique Mus musculus
     domesticus et Mus musculus castaneus près de Lake Casitas (Californie).
     Genome 41:104-110. ]

begin data;
	dimensions nind=74 nloci=15;
	info
	domesticus1   ( 100 , 100 ) ( 080 , 080 ) ( 094 , 094 ) ( 100 , 100 ) ( 100 , 100 ) ( 120 , 120 ) ( 100 , 100 ) ( 100 , 100 ) ( 110 , 110 ) ( 100 , 100 ) ( 100 , 100 ) ( 100 , 100 ) ( 100 , 100 ) ( 100 , 100 ) ( 100 , 100 ) ,
	domesticus2   ( 100 , 100 ) ( 080 , 100 ) ( 094 , 094 ) ( 100 , 100 ) ( 100 , 100 ) ( 120 , 120 ) ( 100 , 100 ) ( 100 , 125 ) ( 110 , 110 ) ( 100 , 100 ) ( 100 , 100 ) ( 100 , 100 ) ( 100 , 100 ) ( 100 , 100 ) ( 100 , 100 ) ,
	domesticus3   ( 100 , 100 ) ( 080 , 080 ) ( 094 , 094 ) ( 100 , 100 ) ( 100 , 100 ) ( 120 , 120 ) ( 100 , 100 ) ( 100 , 100 ) ( 110 , 110 ) ( 100 , 100 ) ( 100 , 100 ) ( 100 , 100 ) ( 100 , 100 ) ( 100 , 100 ) ( 100 , 100 ) ,
	domesticus4   ( 100 , 100 ) ( 080 , 080 ) ( 094 , 094 ) ( 100 , 100 ) ( 100 , 100 ) ( 120 , 120 ) ( 100 , 100 ) ( 100 , 125 ) ( 100 , 100 ) ( 100 , 100 ) ( 100 , 100 ) ( 100 , 100 ) ( 100 , 100 ) ( 100 , 100 ) ( 100 , 100 ) ,
	domesticus5   ( 100 , 100 ) ( 080 , 080 ) ( 094 , 094 ) ( 100 , 100 ) ( 100 , 100 ) ( 120 , 120 ) ( 100 , 100 ) ( 100 , 100 ) ( 110 , 110 ) ( 100 , 100 ) ( 100 , 100 ) ( 100 , 100 ) ( 100 , 100 ) ( 100 , 100 ) ( 100 , 100 ) ,
	domesticus6   ( 100 , 100 ) ( 080 , 100 ) ( 094 , 094 ) ( 100 , 100 ) ( 100 , 100 ) ( 120 , 120 ) ( 100 , 100 ) ( 100 , 125 ) ( 110 , 110 ) ( 100 , 100 ) ( 100 , 100 ) ( 100 , 100 ) ( 100 , 100 ) ( 100 , 100 ) ( 100 , 100 ) ,
	domesticus7   ( 100 , 100 ) ( 080 , 080 ) ( 094 , 094 ) ( 100 , 100 ) ( 100 , 100 ) ( 120 , 120 ) ( 100 , 100 ) ( 100 , 100 ) ( 100 , 110 ) ( 100 , 100 ) ( 100 , 100 ) ( 100 , 100 ) ( 100 , 100 ) ( 100 , 100 ) ( 100 , 100 ) ,
	domesticus8   ( 100 , 100 ) ( 080 , 100 ) ( 094 , 094 ) ( 100 , 100 ) ( 100 , 100 ) ( 120 , 120 ) ( 100 , 100 ) ( 100 , 125 ) ( 100 , 110 ) ( 100 , 100 ) ( 100 , 100 ) ( 100 , 100 ) ( 100 , 100 ) ( 100 , 100 ) ( 100 , 100 ) ,
	domesticus9   ( 100 , 100 ) ( 080 , 080 ) ( 094 , 094 ) ( 100 , 100 ) ( 100 , 100 ) ( 120 , 120 ) ( 100 , 100 ) ( 100 , 100 ) ( 110 , 110 ) ( 100 , 100 ) ( 100 , 100 ) ( 100 , 100 ) ( 100 , 100 ) ( 100 , 100 ) ( 100 , 100 ) ,
	domesticus10  ( 100 , 100 ) ( 080 , 080 ) ( 094 , 094 ) ( 100 , 100 ) ( 100 , 100 ) ( 120 , 120 ) ( 100 , 100 ) ( 100 , 100 ) ( 110 , 110 ) ( 100 , 100 ) ( 100 , 100 ) ( 100 , 100 ) ( 100 , 100 ) ( 100 , 100 ) ( 100 , 100 ) ,
	domesticus11  ( 100 , 100 ) ( 080 , 100 ) ( 094 , 094 ) ( 100 , 100 ) ( 100 , 100 ) ( 120 , 120 ) ( 100 , 100 ) ( 100 , 100 ) ( 110 , 110 ) ( 100 , 100 ) ( 100 , 100 ) ( 100 , 100 ) ( 100 , 100 ) ( 100 , 100 ) ( 100 , 100 ) ,
	domesticus12  ( 100 , 100 ) ( 080 , 080 ) ( 094 , 094 ) ( 100 , 100 ) ( 100 , 100 ) ( 120 , 120 ) ( 100 , 100 ) ( 100 , 100 ) ( 100 , 110 ) ( 100 , 100 ) ( 100 , 100 ) ( 100 , 100 ) ( 100 , 100 ) ( 100 , 100 ) ( 100 , 100 ) ,
	domesticus13  ( 100 , 100 ) ( 080 , 080 ) ( 094 , 094 ) ( 100 , 100 ) ( 100 , 100 ) ( 120 , 120 ) ( 100 , 100 ) ( 100 , 100 ) ( 110 , 110 ) ( 100 , 100 ) ( 100 , 100 ) ( 100 , 100 ) ( 100 , 100 ) ( 100 , 100 ) ( 100 , 100 ) ,
	domesticus14  ( 100 , 100 ) ( 080 , 080 ) ( 094 , 094 ) ( 100 , 100 ) ( 100 , 100 ) ( 120 , 120 ) ( 100 , 100 ) ( 100 , 125 ) ( 110 , 110 ) ( 100 , 100 ) ( 100 , 100 ) ( 100 , 100 ) ( 100 , 100 ) ( 100 , 100 ) ( 100 , 100 ) ,
	domesticus15  ( 100 , 100 ) ( 080 , 100 ) ( 094 , 094 ) ( 100 , 100 ) ( 100 , 100 ) ( 120 , 120 ) ( 100 , 100 ) ( 100 , 100 ) ( 110 , 110 ) ( 100 , 100 ) ( 100 , 100 ) ( 100 , 100 ) ( 100 , 100 ) ( 100 , 100 ) ( 100 , 100 ) ,
	domesticus16  ( 100 , 100 ) ( 080 , 080 ) ( 094 , 094 ) ( 100 , 100 ) ( 100 , 100 ) ( 120 , 120 ) ( 100 , 100 ) ( 100 , 100 ) ( 100 , 110 ) ( 100 , 100 ) ( 100 , 100 ) ( 100 , 100 ) ( 100 , 100 ) ( 100 , 100 ) ( 100 , 100 ) ,
	domesticus17  ( 100 , 100 ) ( 080 , 080 ) ( 094 , 094 ) ( 100 , 100 ) ( 100 , 100 ) ( 120 , 120 ) ( 100 , 100 ) ( 100 , 100 ) ( 110 , 110 ) ( 100 , 100 ) ( 100 , 100 ) ( 100 , 100 ) ( 100 , 100 ) ( 100 , 100 ) ( 100 , 100 ) ,
	domesticus18  ( 100 , 100 ) ( 080 , 080 ) ( 094 , 094 ) ( 100 , 100 ) ( 100 , 100 ) ( 120 , 120 ) ( 100 , 100 ) ( 100 , 100 ) ( 110 , 110 ) ( 100 , 100 ) ( 100 , 100 ) ( 100 , 100 ) ( 100 , 100 ) ( 100 , 100 ) ( 100 , 100 ) ,
	domesticus19  ( 100 , 100 ) ( 080 , 080 ) ( 094 , 094 ) ( 100 , 100 ) ( 100 , 100 ) ( 120 , 120 ) ( 100 , 100 ) ( 125 , 125 ) ( 110 , 110 ) ( 100 , 100 ) ( 100 , 100 ) ( 100 , 100 ) ( 100 , 100 ) ( 100 , 100 ) ( 100 , 100 ) ,
	domesticus20  ( 100 , 100 ) ( 080 , 100 ) ( 094 , 094 ) ( 100 , 100 ) ( 100 , 100 ) ( 120 , 120 ) ( 100 , 100 ) ( 100 , 100 ) ( 110 , 110 ) ( 100 , 100 ) ( 100 , 100 ) ( 100 , 100 ) ( 100 , 100 ) ( 100 , 100 ) ( 100 , 100 ) ,
	domesticus21  ( 100 , 100 ) ( 080 , 100 ) ( 094 , 094 ) ( 100 , 100 ) ( 100 , 100 ) ( 120 , 120 ) ( 100 , 100 ) ( 100 , 125 ) ( 100 , 110 ) ( 100 , 100 ) ( 100 , 100 ) ( 100 , 100 ) ( 100 , 100 ) ( 100 , 100 ) ( 100 , 100 ) ,
	domesticus22  ( 100 , 100 ) ( 080 , 080 ) ( 094 , 094 ) ( 100 , 100 ) ( 100 , 100 ) ( 120 , 120 ) ( 100 , 100 ) ( 100 , 100 ) ( 110 , 110 ) ( 100 , 100 ) ( 100 , 100 ) ( 100 , 100 ) ( 100 , 100 ) ( 100 , 100 ) ( 100 , 100 ) ,
	domesticus23  ( 100 , 100 ) ( 080 , 100 ) ( 094 , 094 ) ( 100 , 100 ) ( 100 , 100 ) ( 120 , 120 ) ( 100 , 100 ) ( 100 , 100 ) ( 110 , 110 ) ( 100 , 100 ) ( 100 , 100 ) ( 100 , 100 ) ( 100 , 100 ) ( 100 , 100 ) ( 100 , 100 ) ,
	domesticus24  ( 100 , 100 ) ( 080 , 100 ) ( 094 , 094 ) ( 100 , 100 ) ( 000 , 000 ) ( 000 , 000 ) ( 000 , 000 ) ( 125 , 125 ) ( 110 , 110 ) ( 100 , 100 ) ( 100 , 100 ) ( 000 , 000 ) ( 100 , 100 ) ( 100 , 100 ) ( 100 , 100 ) ,
	castaneus1    ( 100 , 100 ) ( 080 , 080 ) ( 100 , 100 ) ( 095 , 100 ) ( 100 , 100 ) ( 110 , 110 ) ( 095 , 095 ) ( 100 , 100 ) ( 110 , 110 ) ( 100 , 100 ) ( 120 , 120 ) ( 085 , 100 ) ( 100 , 100 ) ( 100 , 100 ) ( 100 , 100 ) ,
	castaneus2    ( 100 , 100 ) ( 080 , 080 ) ( 100 , 100 ) ( 098 , 098 ) ( 100 , 100 ) ( 110 , 120 ) ( 095 , 095 ) ( 050 , 100 ) ( 100 , 110 ) ( 100 , 100 ) ( 100 , 120 ) ( 100 , 100 ) ( 100 , 100 ) ( 100 , 100 ) ( 100 , 100 ) ,
	castaneus3    ( 080 , 100 ) ( 080 , 080 ) ( 094 , 100 ) ( 098 , 098 ) ( 100 , 100 ) ( 110 , 120 ) ( 095 , 095 ) ( 100 , 125 ) ( 110 , 110 ) ( 100 , 100 ) ( 120 , 120 ) ( 085 , 085 ) ( 100 , 100 ) ( 100 , 100 ) ( 100 , 100 ) ,
	castaneus4    ( 100 , 100 ) ( 080 , 080 ) ( 100 , 100 ) ( 098 , 098 ) ( 100 , 100 ) ( 120 , 120 ) ( 095 , 095 ) ( 100 , 100 ) ( 110 , 110 ) ( 100 , 100 ) ( 120 , 120 ) ( 100 , 100 ) ( 100 , 100 ) ( 100 , 100 ) ( 100 , 100 ) ,
	castaneus5    ( 100 , 100 ) ( 080 , 080 ) ( 100 , 100 ) ( 098 , 098 ) ( 100 , 100 ) ( 110 , 120 ) ( 095 , 095 ) ( 100 , 100 ) ( 110 , 110 ) ( 100 , 100 ) ( 120 , 120 ) ( 085 , 085 ) ( 080 , 100 ) ( 100 , 100 ) ( 100 , 100 ) ,
	castaneus6    ( 100 , 100 ) ( 080 , 080 ) ( 094 , 094 ) ( 100 , 100 ) ( 100 , 100 ) ( 110 , 120 ) ( 095 , 095 ) ( 050 , 050 ) ( 110 , 110 ) ( 100 , 100 ) ( 100 , 120 ) ( 085 , 085 ) ( 080 , 100 ) ( 100 , 100 ) ( 100 , 100 ) ,
	castaneus7    ( 080 , 100 ) ( 080 , 080 ) ( 094 , 094 ) ( 100 , 100 ) ( 100 , 100 ) ( 110 , 110 ) ( 095 , 095 ) ( 050 , 100 ) ( 110 , 110 ) ( 100 , 100 ) ( 120 , 120 ) ( 085 , 085 ) ( 080 , 100 ) ( 100 , 100 ) ( 100 , 100 ) ,
	castaneus8    ( 080 , 100 ) ( 080 , 080 ) ( 100 , 100 ) ( 100 , 100 ) ( 100 , 100 ) ( 110 , 110 ) ( 095 , 095 ) ( 050 , 125 ) ( 110 , 110 ) ( 100 , 100 ) ( 100 , 120 ) ( 085 , 085 ) ( 080 , 100 ) ( 100 , 100 ) ( 100 , 100 ) ,
	castaneus9    ( 100 , 100 ) ( 080 , 080 ) ( 100 , 100 ) ( 098 , 098 ) ( 100 , 100 ) ( 110 , 110 ) ( 095 , 095 ) ( 050 , 050 ) ( 110 , 110 ) ( 100 , 100 ) ( 100 , 120 ) ( 085 , 085 ) ( 080 , 100 ) ( 100 , 100 ) ( 100 , 100 ) ,
	castaneus10   ( 080 , 080 ) ( 080 , 080 ) ( 100 , 100 ) ( 098 , 098 ) ( 100 , 100 ) ( 110 , 110 ) ( 095 , 095 ) ( 050 , 080 ) ( 110 , 110 ) ( 100 , 100 ) ( 100 , 120 ) ( 100 , 100 ) ( 080 , 100 ) ( 100 , 100 ) ( 100 , 100 ) ,
	castaneus11   ( 080 , 080 ) ( 080 , 080 ) ( 100 , 100 ) ( 100 , 100 ) ( 100 , 100 ) ( 110 , 110 ) ( 095 , 095 ) ( 050 , 050 ) ( 110 , 110 ) ( 100 , 100 ) ( 100 , 120 ) ( 100 , 100 ) ( 080 , 100 ) ( 100 , 100 ) ( 100 , 100 ) ,
	musculus1     ( 100 , 100 ) ( 100 , 100 ) ( 100 , 100 ) ( 098 , 098 ) ( 060 , 060 ) ( 110 , 120 ) ( 095 , 095 ) ( 125 , 125 ) ( 110 , 110 ) ( 100 , 100 ) ( 120 , 120 ) ( 080 , 090 ) ( 060 , 080 ) ( 100 , 100 ) ( 080 , 080 ) ,
	musculus2     ( 100 , 100 ) ( 100 , 100 ) ( 100 , 100 ) ( 098 , 100 ) ( 060 , 060 ) ( 110 , 120 ) ( 095 , 095 ) ( 125 , 125 ) ( 110 , 120 ) ( 100 , 100 ) ( 120 , 120 ) ( 090 , 090 ) ( 080 , 080 ) ( 080 , 100 ) ( 080 , 080 ) ,
	musculus3     ( 100 , 100 ) ( 100 , 100 ) ( 100 , 100 ) ( 098 , 098 ) ( 060 , 060 ) ( 110 , 110 ) ( 095 , 095 ) ( 125 , 125 ) ( 120 , 120 ) ( 100 , 100 ) ( 100 , 120 ) ( 080 , 090 ) ( 080 , 080 ) ( 080 , 100 ) ( 080 , 080 ) ,
	musculus4     ( 100 , 100 ) ( 100 , 100 ) ( 100 , 100 ) ( 098 , 098 ) ( 060 , 060 ) ( 110 , 110 ) ( 095 , 095 ) ( 125 , 125 ) ( 120 , 120 ) ( 100 , 100 ) ( 120 , 120 ) ( 080 , 080 ) ( 080 , 080 ) ( 080 , 100 ) ( 080 , 080 ) ,
	musculus5     ( 100 , 100 ) ( 100 , 100 ) ( 100 , 100 ) ( 098 , 098 ) ( 060 , 060 ) ( 110 , 110 ) ( 095 , 095 ) ( 125 , 125 ) ( 110 , 110 ) ( 100 , 100 ) ( 120 , 120 ) ( 080 , 080 ) ( 060 , 080 ) ( 080 , 100 ) ( 080 , 080 ) ,
	musculus6     ( 100 , 100 ) ( 100 , 100 ) ( 100 , 100 ) ( 098 , 098 ) ( 060 , 100 ) ( 110 , 110 ) ( 095 , 095 ) ( 125 , 125 ) ( 110 , 120 ) ( 100 , 100 ) ( 100 , 120 ) ( 080 , 090 ) ( 080 , 080 ) ( 100 , 100 ) ( 080 , 080 ) ,
	musculus7     ( 100 , 100 ) ( 100 , 100 ) ( 100 , 100 ) ( 098 , 098 ) ( 060 , 060 ) ( 110 , 120 ) ( 095 , 095 ) ( 125 , 125 ) ( 110 , 120 ) ( 100 , 100 ) ( 120 , 120 ) ( 080 , 090 ) ( 080 , 080 ) ( 100 , 100 ) ( 080 , 080 ) ,
	musculus8     ( 100 , 100 ) ( 100 , 100 ) ( 100 , 100 ) ( 098 , 098 ) ( 060 , 060 ) ( 110 , 110 ) ( 095 , 095 ) ( 125 , 125 ) ( 120 , 120 ) ( 100 , 100 ) ( 120 , 120 ) ( 080 , 090 ) ( 060 , 060 ) ( 080 , 100 ) ( 080 , 080 ) ,
	musculus9     ( 100 , 100 ) ( 100 , 100 ) ( 100 , 100 ) ( 098 , 098 ) ( 060 , 060 ) ( 110 , 110 ) ( 000 , 000 ) ( 125 , 125 ) ( 120 , 120 ) ( 100 , 100 ) ( 000 , 000 ) ( 090 , 090 ) ( 000 , 000 ) ( 000 , 000 ) ( 080 , 080 ) ,
	casitas1      ( 100 , 100 ) ( 080 , 080 ) ( 094 , 100 ) ( 095 , 095 ) ( 100 , 100 ) ( 110 , 120 ) ( 105 , 105 ) ( 100 , 125 ) ( 110 , 110 ) ( 120 , 120 ) ( 100 , 100 ) ( 100 , 100 ) ( 100 , 100 ) ( 100 , 100 ) ( 100 , 100 ) ,
	casitas2      ( 080 , 100 ) ( 080 , 080 ) ( 094 , 094 ) ( 100 , 100 ) ( 100 , 100 ) ( 110 , 120 ) ( 105 , 105 ) ( 100 , 100 ) ( 110 , 110 ) ( 100 , 120 ) ( 100 , 100 ) ( 100 , 100 ) ( 100 , 100 ) ( 100 , 100 ) ( 100 , 100 ) ,
	casitas3      ( 080 , 100 ) ( 080 , 100 ) ( 094 , 094 ) ( 095 , 095 ) ( 100 , 100 ) ( 110 , 120 ) ( 100 , 100 ) ( 100 , 100 ) ( 110 , 110 ) ( 120 , 120 ) ( 100 , 100 ) ( 100 , 100 ) ( 100 , 100 ) ( 100 , 100 ) ( 100 , 100 ) ,
	casitas4      ( 100 , 100 ) ( 080 , 100 ) ( 094 , 094 ) ( 100 , 100 ) ( 100 , 100 ) ( 110 , 110 ) ( 095 , 095 ) ( 100 , 100 ) ( 110 , 110 ) ( 120 , 120 ) ( 100 , 100 ) ( 100 , 100 ) ( 100 , 100 ) ( 100 , 100 ) ( 100 , 100 ) ,
	casitas5      ( 100 , 100 ) ( 080 , 100 ) ( 094 , 094 ) ( 100 , 100 ) ( 100 , 100 ) ( 120 , 120 ) ( 095 , 095 ) ( 100 , 100 ) ( 110 , 110 ) ( 100 , 120 ) ( 100 , 100 ) ( 100 , 100 ) ( 100 , 100 ) ( 100 , 100 ) ( 100 , 100 ) ,
	casitas6      ( 100 , 100 ) ( 080 , 080 ) ( 094 , 094 ) ( 100 , 100 ) ( 100 , 100 ) ( 110 , 110 ) ( 100 , 105 ) ( 100 , 100 ) ( 100 , 110 ) ( 120 , 120 ) ( 100 , 100 ) ( 100 , 100 ) ( 100 , 100 ) ( 100 , 100 ) ( 100 , 100 ) ,
	casitas7      ( 080 , 100 ) ( 080 , 080 ) ( 094 , 094 ) ( 100 , 100 ) ( 100 , 100 ) ( 110 , 110 ) ( 100 , 100 ) ( 050 , 100 ) ( 100 , 110 ) ( 100 , 100 ) ( 100 , 100 ) ( 100 , 100 ) ( 100 , 100 ) ( 080 , 100 ) ( 100 , 100 ) ,
	casitas8      ( 080 , 100 ) ( 080 , 080 ) ( 094 , 094 ) ( 100 , 100 ) ( 100 , 100 ) ( 110 , 120 ) ( 100 , 100 ) ( 100 , 125 ) ( 110 , 110 ) ( 120 , 120 ) ( 100 , 100 ) ( 100 , 100 ) ( 100 , 100 ) ( 080 , 100 ) ( 100 , 100 ) ,
	casitas9      ( 080 , 100 ) ( 080 , 080 ) ( 094 , 094 ) ( 100 , 100 ) ( 100 , 100 ) ( 110 , 110 ) ( 100 , 100 ) ( 100 , 100 ) ( 110 , 110 ) ( 120 , 120 ) ( 100 , 100 ) ( 100 , 100 ) ( 100 , 100 ) ( 100 , 100 ) ( 100 , 100 ) ,
	casitas10     ( 100 , 100 ) ( 080 , 080 ) ( 094 , 094 ) ( 100 , 100 ) ( 100 , 100 ) ( 110 , 110 ) ( 105 , 105 ) ( 100 , 125 ) ( 100 , 110 ) ( 120 , 120 ) ( 100 , 100 ) ( 100 , 100 ) ( 100 , 100 ) ( 100 , 100 ) ( 100 , 100 ) ,
	casitas11     ( 100 , 100 ) ( 080 , 080 ) ( 094 , 094 ) ( 100 , 100 ) ( 100 , 100 ) ( 110 , 120 ) ( 095 , 095 ) ( 125 , 125 ) ( 110 , 110 ) ( 120 , 120 ) ( 100 , 100 ) ( 100 , 100 ) ( 100 , 100 ) ( 080 , 100 ) ( 100 , 100 ) ,
	casitas12     ( 100 , 100 ) ( 080 , 100 ) ( 094 , 094 ) ( 100 , 100 ) ( 100 , 100 ) ( 120 , 120 ) ( 095 , 095 ) ( 050 , 125 ) ( 110 , 110 ) ( 120 , 120 ) ( 100 , 100 ) ( 100 , 100 ) ( 100 , 100 ) ( 100 , 100 ) ( 100 , 100 ) ,
	casitas13     ( 080 , 100 ) ( 080 , 080 ) ( 094 , 100 ) ( 100 , 100 ) ( 100 , 100 ) ( 120 , 120 ) ( 095 , 100 ) ( 050 , 100 ) ( 100 , 110 ) ( 120 , 120 ) ( 100 , 100 ) ( 100 , 100 ) ( 100 , 100 ) ( 100 , 100 ) ( 100 , 100 ) ,
	casitas14     ( 080 , 100 ) ( 080 , 080 ) ( 094 , 100 ) ( 100 , 100 ) ( 100 , 100 ) ( 110 , 120 ) ( 100 , 100 ) ( 100 , 100 ) ( 100 , 110 ) ( 100 , 120 ) ( 100 , 100 ) ( 100 , 100 ) ( 100 , 100 ) ( 100 , 100 ) ( 100 , 100 ) ,
	casitas15     ( 100 , 100 ) ( 080 , 080 ) ( 094 , 094 ) ( 095 , 100 ) ( 100 , 100 ) ( 110 , 120 ) ( 095 , 095 ) ( 100 , 125 ) ( 100 , 110 ) ( 120 , 120 ) ( 100 , 100 ) ( 100 , 100 ) ( 100 , 100 ) ( 080 , 100 ) ( 100 , 100 ) ,
	casitas16     ( 080 , 100 ) ( 080 , 080 ) ( 094 , 094 ) ( 095 , 100 ) ( 100 , 100 ) ( 110 , 110 ) ( 095 , 100 ) ( 100 , 100 ) ( 100 , 110 ) ( 100 , 120 ) ( 100 , 100 ) ( 100 , 100 ) ( 100 , 100 ) ( 100 , 100 ) ( 100 , 100 ) ,
	casitas17     ( 100 , 100 ) ( 080 , 080 ) ( 094 , 094 ) ( 100 , 100 ) ( 100 , 100 ) ( 110 , 120 ) ( 095 , 100 ) ( 100 , 100 ) ( 100 , 110 ) ( 120 , 120 ) ( 100 , 100 ) ( 100 , 100 ) ( 100 , 100 ) ( 100 , 100 ) ( 100 , 100 ) ,
	casitas18     ( 100 , 100 ) ( 080 , 080 ) ( 094 , 094 ) ( 100 , 100 ) ( 100 , 100 ) ( 110 , 120 ) ( 100 , 100 ) ( 100 , 100 ) ( 110 , 110 ) ( 100 , 120 ) ( 100 , 100 ) ( 100 , 100 ) ( 100 , 100 ) ( 100 , 100 ) ( 100 , 100 ) ,
	casitas19     ( 080 , 100 ) ( 080 , 100 ) ( 094 , 094 ) ( 100 , 100 ) ( 100 , 100 ) ( 110 , 120 ) ( 095 , 100 ) ( 100 , 125 ) ( 110 , 110 ) ( 100 , 120 ) ( 100 , 100 ) ( 100 , 100 ) ( 100 , 100 ) ( 100 , 100 ) ( 100 , 100 ) ,
	casitas20     ( 100 , 100 ) ( 080 , 100 ) ( 094 , 094 ) ( 095 , 100 ) ( 100 , 100 ) ( 110 , 110 ) ( 100 , 105 ) ( 100 , 100 ) ( 110 , 110 ) ( 120 , 120 ) ( 100 , 100 ) ( 100 , 100 ) ( 100 , 100 ) ( 100 , 100 ) ( 100 , 100 ) ,
	casitas21     ( 100 , 100 ) ( 080 , 100 ) ( 094 , 094 ) ( 100 , 100 ) ( 100 , 100 ) ( 110 , 120 ) ( 100 , 100 ) ( 100 , 100 ) ( 100 , 110 ) ( 120 , 120 ) ( 100 , 100 ) ( 100 , 100 ) ( 100 , 100 ) ( 100 , 100 ) ( 100 , 100 ) ,
	casitas22     ( 080 , 100 ) ( 080 , 080 ) ( 094 , 100 ) ( 095 , 100 ) ( 100 , 100 ) ( 110 , 120 ) ( 095 , 100 ) ( 050 , 100 ) ( 110 , 110 ) ( 120 , 120 ) ( 100 , 100 ) ( 100 , 100 ) ( 100 , 100 ) ( 100 , 100 ) ( 100 , 100 ) ,
	casitas23     ( 100 , 100 ) ( 080 , 080 ) ( 094 , 094 ) ( 095 , 100 ) ( 100 , 100 ) ( 110 , 110 ) ( 105 , 105 ) ( 050 , 125 ) ( 110 , 110 ) ( 120 , 120 ) ( 100 , 100 ) ( 100 , 100 ) ( 100 , 100 ) ( 100 , 100 ) ( 100 , 100 ) ,
	casitas24     ( 080 , 080 ) ( 080 , 100 ) ( 094 , 094 ) ( 100 , 100 ) ( 100 , 100 ) ( 110 , 110 ) ( 095 , 100 ) ( 100 , 100 ) ( 110 , 110 ) ( 100 , 100 ) ( 100 , 100 ) ( 100 , 100 ) ( 100 , 100 ) ( 080 , 100 ) ( 100 , 100 ) ,
	casitas25     ( 100 , 100 ) ( 080 , 100 ) ( 094 , 094 ) ( 100 , 100 ) ( 100 , 100 ) ( 110 , 120 ) ( 100 , 105 ) ( 100 , 125 ) ( 110 , 110 ) ( 100 , 120 ) ( 100 , 100 ) ( 100 , 100 ) ( 100 , 100 ) ( 100 , 100 ) ( 100 , 100 ) ,
	casitas26     ( 080 , 080 ) ( 080 , 100 ) ( 094 , 100 ) ( 100 , 100 ) ( 100 , 100 ) ( 110 , 120 ) ( 100 , 100 ) ( 100 , 100 ) ( 110 , 110 ) ( 120 , 120 ) ( 100 , 100 ) ( 100 , 100 ) ( 100 , 100 ) ( 080 , 100 ) ( 100 , 100 ) ,
	casitas27     ( 100 , 100 ) ( 080 , 080 ) ( 094 , 094 ) ( 100 , 100 ) ( 100 , 100 ) ( 110 , 110 ) ( 100 , 105 ) ( 100 , 125 ) ( 100 , 110 ) ( 100 , 120 ) ( 100 , 100 ) ( 100 , 100 ) ( 100 , 100 ) ( 100 , 100 ) ( 100 , 100 ) ,
	casitas28     ( 100 , 100 ) ( 080 , 080 ) ( 094 , 100 ) ( 095 , 095 ) ( 100 , 100 ) ( 110 , 120 ) ( 100 , 105 ) ( 100 , 125 ) ( 110 , 110 ) ( 120 , 120 ) ( 100 , 100 ) ( 100 , 100 ) ( 100 , 100 ) ( 080 , 100 ) ( 100 , 100 ) ,
	casitas29     ( 080 , 100 ) ( 080 , 080 ) ( 100 , 100 ) ( 100 , 100 ) ( 100 , 100 ) ( 110 , 110 ) ( 100 , 100 ) ( 100 , 100 ) ( 110 , 110 ) ( 100 , 100 ) ( 100 , 100 ) ( 100 , 100 ) ( 100 , 100 ) ( 100 , 100 ) ( 100 , 100 ) ,
	casitas30     ( 100 , 100 ) ( 080 , 080 ) ( 094 , 100 ) ( 100 , 100 ) ( 100 , 100 ) ( 120 , 120 ) ( 100 , 100 ) ( 100 , 100 ) ( 100 , 110 ) ( 120 , 120 ) ( 100 , 100 ) ( 100 , 100 ) ( 100 , 100 ) ( 100 , 100 ) ( 100 , 100 )
	;
end;

