#NEXUS

[ Galbusera, P., L. Lens, E. Waiyaki, T. Schenck, and E. Mattysen. 2000. Effective population size
     and gene flow in the globally, critically endangered Taita thrush, Turdus helleri. Conservation
     Genetics 1:45-55. ]

begin data;
	dimensions nind=155 nloci=7;
	info
	1        [Mbololo]  (  1 ,  4 ) (  1 ,  2 ) (  6 ,  6 ) (  1 ,  1 ) (  2 ,  2 ) (  2 ,  4 ) (  5 ,  5 ) , 
	10       [Mbololo]  (  4 ,  4 ) (  2 ,  3 ) (  1 ,  6 ) (  1 ,  1 ) (  2 ,  2 ) (  2 , 10 ) (  5 ,  8 ) , 
	1219     [Mbololo]  (  4 , 13 ) (  3 ,  5 ) (  6 ,  6 ) (  1 ,  2 ) (  3 ,  ? ) (  2 ,  2 ) (  1 ,  4 ) , 
	1223     [Mbololo]  (  7 , 12 ) (  3 ,  3 ) (  4 ,  6 ) (  1 ,  3 ) (  2 ,  2 ) (  1 ,  2 ) (  1 ,  6 ) , 
	1225     [Mbololo]  (  ? ,  ? ) (  2 ,  3 ) (  1 ,  6 ) (  1 ,  3 ) (  2 ,  2 ) (  2 ,  2 ) (  5 ,  5 ) , 
	1226     [Mbololo]  (  4 , 13 ) (  1 ,  3 ) (  1 ,  6 ) (  1 ,  2 ) (  2 ,  2 ) (  2 ,  3 ) (  4 ,  5 ) , 
	1228     [Mbololo]  (  5 ,  5 ) (  3 ,  3 ) (  6 ,  6 ) (  1 ,  1 ) (  2 ,  2 ) (  2 ,  4 ) (  4 ,  6 ) , 
	1238     [Mbololo]  (  7 , 17 ) (  1 ,  3 ) (  6 ,  6 ) (  1 ,  2 ) (  2 ,  2 ) (  2 , 10 ) (  6 ,  6 ) , 
	1243     [Mbololo]  (  2 , 12 ) (  1 ,  3 ) (  6 ,  6 ) (  1 ,  3 ) (  3 ,  3 ) (  2 ,  2 ) (  1 ,  1 ) , 
	1244     [Mbololo]  (  4 ,  4 ) (  2 ,  3 ) (  6 ,  6 ) (  1 ,  2 ) (  2 ,  ? ) (  2 ,  2 ) (  1 ,  6 ) , 
	1253     [Mbololo]  (  4 , 15 ) (  1 ,  1 ) (  4 ,  6 ) (  1 ,  2 ) (  2 ,  ? ) (  2 ,  2 ) (  1 ,  4 ) , 
	1254     [Mbololo]  (  4 ,  4 ) (  3 ,  3 ) (  6 ,  6 ) (  1 ,  2 ) (  2 ,  2 ) ( 10 , 10 ) (  1 ,  5 ) , 
	1274     [Mbololo]  (  4 ,  4 ) (  3 ,  3 ) (  6 ,  6 ) (  1 ,  1 ) (  2 ,  2 ) (  2 ,  4 ) (  5 ,  8 ) , 
	1275     [Mbololo]  (  4 , 13 ) (  2 ,  3 ) (  1 ,  6 ) (  1 ,  1 ) (  2 ,  2 ) (  2 ,  3 ) (  4 ,  6 ) , 
	1277     [Mbololo]  (  2 , 15 ) (  3 ,  3 ) (  3 ,  6 ) (  1 ,  3 ) (  2 ,  ? ) (  3 ,  4 ) (  5 ,  5 ) , 
	1284     [Mbololo]  (  4 , 13 ) (  1 ,  5 ) (  6 ,  6 ) (  1 ,  1 ) (  2 ,  ? ) (  2 ,  4 ) (  1 ,  4 ) , 
	1296     [Mbololo]  (  7 , 15 ) (  1 ,  1 ) (  1 ,  6 ) (  1 ,  1 ) (  2 ,  ? ) (  2 ,  2 ) (  5 ,  6 ) , 
	1297     [Mbololo]  (  4 , 17 ) (  1 ,  1 ) (  4 ,  6 ) (  1 ,  1 ) (  2 ,  2 ) (  2 ,  2 ) (  5 ,  6 ) , 
	1299     [Mbololo]  (  4 , 13 ) (  3 ,  3 ) (  1 ,  6 ) (  1 ,  1 ) (  2 ,  ? ) (  2 ,  4 ) (  4 ,  4 ) , 
	1302     [Mbololo]  ( 12 , 12 ) (  2 ,  3 ) (  6 ,  6 ) (  1 ,  1 ) (  2 ,  2 ) (  2 ,  3 ) (  5 ,  5 ) , 
	1303     [Mbololo]  (  3 ,  7 ) (  3 ,  3 ) (  6 ,  6 ) (  1 ,  1 ) (  2 ,  ? ) (  2 ,  3 ) (  4 ,  6 ) , 
	1304     [Mbololo]  (  4 ,  4 ) (  3 ,  3 ) (  1 ,  3 ) (  3 ,  3 ) (  2 ,  2 ) (  4 ,  4 ) (  4 ,  4 ) , 
	1312     [Mbololo]  (  4 ,  5 ) (  1 ,  3 ) (  6 ,  6 ) (  1 ,  2 ) (  3 ,  3 ) (  2 ,  3 ) (  5 ,  5 ) , 
	1317     [Mbololo]  (  4 ,  4 ) (  1 ,  3 ) (  6 ,  6 ) (  1 ,  2 ) (  2 ,  2 ) (  2 ,  2 ) (  5 ,  6 ) , 
	1318     [Mbololo]  (  4 , 12 ) (  1 ,  3 ) (  4 ,  6 ) (  1 ,  1 ) (  3 ,  3 ) (  2 ,  4 ) (  3 ,  5 ) , 
	1319     [Mbololo]  ( 13 , 18 ) (  1 ,  3 ) (  6 ,  6 ) (  1 ,  1 ) (  2 ,  2 ) (  2 ,  2 ) (  1 ,  4 ) , 
	1320     [Mbololo]  (  4 ,  4 ) (  1 ,  3 ) (  1 ,  6 ) (  1 ,  3 ) (  2 ,  2 ) (  4 , 10 ) (  4 ,  5 ) , 
	1321     [Mbololo]  (  5 , 13 ) (  1 ,  5 ) (  1 ,  3 ) (  1 ,  1 ) (  2 ,  ? ) (  2 ,  4 ) (  1 ,  8 ) , 
	1323     [Mbololo]  ( 16 , 16 ) (  2 ,  3 ) (  6 ,  6 ) (  1 ,  2 ) (  2 ,  2 ) (  2 ,  3 ) (  5 ,  5 ) , 
	1324     [Mbololo]  (  7 , 16 ) (  1 ,  5 ) (  3 ,  6 ) (  1 ,  2 ) (  2 ,  3 ) (  2 ,  2 ) (  5 ,  6 ) , 
	1325     [Mbololo]  (  4 , 13 ) (  1 ,  3 ) (  6 ,  6 ) (  1 ,  2 ) (  3 ,  ? ) (  2 , 10 ) (  6 ,  6 ) , 
	1326     [Mbololo]  (  4 , 15 ) (  2 ,  3 ) (  1 ,  6 ) (  2 ,  2 ) (  2 ,  2 ) (  2 ,  4 ) (  1 ,  5 ) , 
	1327     [Mbololo]  (  4 , 12 ) (  1 ,  3 ) (  6 ,  6 ) (  1 ,  2 ) (  2 ,  ? ) (  2 ,  4 ) (  5 ,  6 ) , 
	1328     [Mbololo]  ( 13 , 13 ) (  3 ,  3 ) (  6 ,  6 ) (  1 ,  1 ) (  2 ,  2 ) (  2 ,  4 ) (  5 ,  5 ) , 
	16       [Mbololo]  (  2 , 15 ) (  3 ,  5 ) (  3 ,  6 ) (  1 ,  3 ) (  2 ,  ? ) (  2 ,  2 ) (  4 ,  5 ) , 
	2        [Mbololo]  ( 15 , 15 ) (  1 ,  3 ) (  6 ,  6 ) (  1 ,  1 ) (  2 ,  2 ) (  2 ,  2 ) (  5 ,  5 ) , 
	29       [Mbololo]  (  2 ,  4 ) (  1 ,  1 ) (  3 ,  6 ) (  1 ,  1 ) (  2 ,  ? ) (  2 ,  2 ) (  1 ,  5 ) , 
	30       [Mbololo]  (  4 ,  4 ) (  3 ,  5 ) (  5 ,  6 ) (  1 ,  1 ) (  2 ,  ? ) (  2 ,  4 ) (  5 ,  8 ) , 
	31       [Mbololo]  (  4 ,  4 ) (  1 ,  3 ) (  6 ,  6 ) (  1 ,  1 ) (  2 ,  2 ) (  4 , 10 ) (  4 ,  6 ) , 
	32       [Mbololo]  (  4 , 12 ) (  3 ,  5 ) (  6 ,  6 ) (  1 ,  1 ) (  2 ,  ? ) (  2 ,  4 ) (  5 ,  8 ) , 
	33       [Mbololo]  (  2 ,  4 ) (  3 ,  5 ) (  3 ,  6 ) (  1 ,  1 ) (  2 ,  2 ) (  2 ,  2 ) (  4 ,  5 ) , 
	37       [Mbololo]  (  3 ,  4 ) (  3 ,  3 ) (  3 ,  6 ) (  1 ,  1 ) (  2 ,  3 ) (  2 ,  4 ) (  6 ,  8 ) , 
	4        [Mbololo]  ( 12 , 16 ) (  3 ,  3 ) (  3 ,  6 ) (  1 ,  3 ) (  2 ,  ? ) (  2 ,  2 ) (  4 ,  5 ) , 
	45       [Mbololo]  (  3 ,  4 ) (  1 ,  3 ) (  6 ,  6 ) (  2 ,  2 ) (  2 ,  2 ) (  3 ,  4 ) (  5 ,  5 ) , 
	46       [Mbololo]  (  2 ,  4 ) (  1 ,  5 ) (  6 ,  6 ) (  1 ,  2 ) (  2 ,  2 ) (  2 ,  4 ) (  4 ,  6 ) , 
	47       [Mbololo]  ( 16 , 18 ) (  3 ,  3 ) (  1 ,  6 ) (  1 ,  3 ) (  3 ,  ? ) (  3 ,  4 ) (  5 ,  7 ) , 
	21       [Mbololo]  ( 15 , 15 ) (  3 ,  3 ) (  6 ,  6 ) (  1 ,  2 ) (  2 ,  3 ) (  2 ,  3 ) (  5 ,  6 ) , 
	5        [Mbololo]  (  4 ,  7 ) (  3 ,  3 ) (  6 ,  6 ) (  1 ,  2 ) (  2 ,  ? ) (  2 ,  3 ) (  5 ,  5 ) , 
	55       [Mbololo]  (  4 ,  7 ) (  3 ,  5 ) (  3 ,  3 ) (  1 ,  1 ) (  2 ,  ? ) (  2 ,  4 ) (  5 ,  8 ) , 
	56       [Mbololo]  (  2 ,  4 ) (  1 ,  3 ) (  1 ,  6 ) (  1 ,  3 ) (  2 ,  2 ) (  2 ,  2 ) (  4 ,  5 ) , 
	57       [Mbololo]  (  4 ,  9 ) (  3 ,  3 ) (  6 ,  6 ) (  2 ,  3 ) (  2 ,  ? ) (  2 ,  2 ) (  4 ,  8 ) , 
	58       [Mbololo]  (  4 ,  4 ) (  1 ,  3 ) (  6 ,  6 ) (  1 ,  1 ) (  2 ,  ? ) (  3 ,  4 ) (  4 ,  5 ) , 
	59       [Mbololo]  (  4 , 12 ) (  1 ,  3 ) (  6 ,  6 ) (  1 ,  1 ) (  2 ,  ? ) (  2 ,  4 ) (  5 ,  6 ) , 
	60       [Mbololo]  (  2 , 15 ) (  1 ,  3 ) (  6 ,  6 ) (  1 ,  3 ) (  2 ,  2 ) (  2 ,  2 ) (  1 ,  6 ) , 
	62       [Mbololo]  (  4 ,  4 ) (  3 ,  3 ) (  6 ,  6 ) (  1 ,  2 ) (  2 ,  ? ) (  2 ,  2 ) (  5 ,  5 ) , 
	63       [Mbololo]  (  4 ,  4 ) (  2 ,  3 ) (  1 ,  6 ) (  1 ,  2 ) (  2 ,  2 ) (  2 , 10 ) (  5 ,  5 ) , 
	64       [Mbololo]  ( 21 , 21 ) (  3 ,  5 ) (  6 ,  6 ) (  1 ,  2 ) (  3 ,  3 ) (  2 ,  3 ) (  5 ,  6 ) , 
	66       [Mbololo]  (  4 , 18 ) (  1 ,  3 ) (  3 ,  6 ) (  1 ,  1 ) (  2 ,  3 ) (  2 ,  4 ) (  5 ,  8 ) , 
	67       [Mbololo]  (  4 , 12 ) (  3 ,  3 ) (  1 ,  2 ) (  1 ,  3 ) (  2 ,  ? ) (  2 , 10 ) (  4 ,  5 ) , 
	68       [Mbololo]  (  4 , 12 ) (  3 ,  5 ) (  6 ,  6 ) (  1 ,  2 ) (  2 ,  3 ) (  2 ,  2 ) (  1 ,  5 ) , 
	69       [Mbololo]  (  4 ,  4 ) (  1 ,  5 ) (  3 ,  6 ) (  1 ,  1 ) (  2 ,  ? ) (  2 ,  4 ) (  4 ,  5 ) , 
	8        [Mbololo]  ( 13 , 13 ) (  3 ,  3 ) (  6 ,  6 ) (  1 ,  1 ) (  2 ,  2 ) (  2 ,  2 ) (  5 ,  5 ) , 
	978      [Mbololo]  (  3 , 18 ) (  1 ,  3 ) (  1 ,  4 ) (  1 ,  1 ) (  2 ,  3 ) (  3 ,  4 ) (  4 ,  5 ) , 
	979      [Mbololo]  (  2 , 13 ) (  3 ,  5 ) (  6 ,  6 ) (  1 ,  2 ) (  2 ,  2 ) (  3 ,  4 ) (  5 ,  5 ) , 
	980      [Mbololo]  (  4 ,  4 ) (  3 ,  5 ) (  6 ,  6 ) (  1 ,  1 ) (  2 ,  2 ) (  2 ,  4 ) (  1 ,  5 ) , 
	981      [Mbololo]  (  4 , 15 ) (  2 ,  3 ) (  5 ,  6 ) (  1 ,  1 ) (  3 ,  ? ) (  2 ,  2 ) (  4 ,  5 ) , 
	982      [Mbololo]  (  4 , 12 ) (  3 ,  5 ) (  1 ,  6 ) (  1 ,  1 ) (  2 ,  3 ) (  2 ,  3 ) (  1 ,  5 ) , 
	983      [Mbololo]  (  4 ,  4 ) (  2 ,  2 ) (  1 ,  6 ) (  1 ,  1 ) (  2 ,  2 ) (  2 ,  3 ) (  5 ,  8 ) , 
	984      [Mbololo]  (  4 ,  7 ) (  1 ,  5 ) (  1 ,  6 ) (  1 ,  1 ) (  2 ,  3 ) (  2 ,  2 ) (  1 ,  5 ) , 
	985      [Mbololo]  (  4 ,  7 ) (  1 ,  3 ) (  1 ,  6 ) (  1 ,  1 ) (  2 ,  2 ) (  2 ,  2 ) (  1 ,  4 ) , 
	986      [Mbololo]  (  3 ,  4 ) (  1 ,  3 ) (  6 ,  6 ) (  1 ,  3 ) (  2 ,  2 ) (  3 , 10 ) (  4 ,  6 ) , 
	987      [Mbololo]  (  4 ,  4 ) (  1 ,  3 ) (  4 ,  6 ) (  1 ,  1 ) (  2 ,  ? ) (  2 ,  2 ) (  5 ,  8 ) , 
	988      [Mbololo]  (  4 ,  4 ) (  1 ,  3 ) (  3 ,  6 ) (  1 ,  1 ) (  2 ,  2 ) (  2 ,  2 ) (  1 ,  5 ) , 
	989      [Mbololo]  (  4 , 13 ) (  2 ,  3 ) (  6 ,  6 ) (  1 ,  2 ) (  2 ,  ? ) (  2 ,  2 ) (  1 ,  5 ) , 
	990      [Mbololo]  (  ? ,  ? ) (  1 ,  3 ) (  6 ,  6 ) (  2 ,  2 ) (  2 ,  2 ) (  2 ,  4 ) (  4 ,  5 ) , 
	991      [Mbololo]  (  4 ,  4 ) (  3 ,  3 ) (  3 ,  3 ) (  1 ,  3 ) (  2 ,  3 ) (  2 ,  2 ) (  5 ,  8 ) , 
	992      [Mbololo]  (  4 ,  4 ) (  3 ,  3 ) (  3 ,  6 ) (  1 ,  3 ) (  3 ,  3 ) (  2 ,  2 ) (  5 ,  8 ) , 
	993      [Mbololo]  (  6 ,  6 ) (  1 ,  3 ) (  1 ,  6 ) (  1 ,  1 ) (  2 ,  ? ) (  2 , 10 ) (  5 ,  6 ) , 
	994      [Mbololo]  ( 13 , 13 ) (  3 ,  3 ) (  6 ,  6 ) (  2 ,  2 ) (  2 ,  2 ) (  1 ,  2 ) (  1 ,  6 ) , 
	1322     [Mbololo]  (  ? ,  ? ) (  3 ,  5 ) (  3 ,  6 ) (  1 ,  1 ) (  2 ,  2 ) (  4 ,  4 ) (  1 ,  5 ) , 
	1329     [Chawia ]  ( 12 , 18 ) (  2 ,  4 ) (  3 ,  3 ) (  3 ,  3 ) (  2 ,  ? ) (  3 , 10 ) (  6 ,  6 ) , 
	20       [Chawia ]  ( 11 , 18 ) (  2 ,  4 ) (  3 ,  5 ) (  1 ,  3 ) (  2 ,  3 ) (  6 ,  8 ) (  2 ,  2 ) , 
	27       [Chawia ]  (  2 , 11 ) (  2 ,  4 ) (  3 ,  5 ) (  1 ,  3 ) (  3 ,  ? ) ( 10 , 10 ) (  5 ,  6 ) , 
	429      [Chawia ]  ( 11 , 16 ) (  2 ,  5 ) (  3 ,  6 ) (  1 ,  3 ) (  2 ,  2 ) (  3 ,  8 ) (  5 ,  6 ) , 
	457      [Chawia ]  ( 11 , 12 ) (  2 ,  2 ) (  5 ,  6 ) (  1 ,  1 ) (  3 ,  ? ) (  6 ,  8 ) (  2 ,  6 ) , 
	471      [Chawia ]  ( 18 , 18 ) (  2 ,  2 ) (  3 ,  3 ) (  1 ,  3 ) (  2 ,  3 ) (  3 , 10 ) (  6 ,  6 ) , 
	479      [Chawia ]  ( 11 , 12 ) (  2 ,  2 ) (  5 ,  6 ) (  1 ,  3 ) (  2 ,  3 ) (  3 ,  8 ) (  2 ,  6 ) , 
	494      [Chawia ]  (  3 , 18 ) (  4 ,  5 ) (  3 ,  5 ) (  1 ,  3 ) (  2 ,  3 ) (  6 , 10 ) (  2 ,  6 ) , 
	505      [Chawia ]  ( 11 , 11 ) (  2 ,  5 ) (  5 ,  6 ) (  1 ,  3 ) (  2 ,  ? ) (  3 ,  8 ) (  2 ,  6 ) , 
	508      [Chawia ]  ( 16 , 18 ) (  2 ,  4 ) (  3 ,  6 ) (  1 ,  2 ) (  2 ,  2 ) (  3 ,  4 ) (  5 ,  6 ) , 
	604      [Chawia ]  (  4 , 16 ) (  4 ,  4 ) (  3 ,  5 ) (  1 ,  2 ) (  2 ,  2 ) (  3 ,  8 ) (  5 ,  6 ) , 
	691      [Chawia ]  ( 16 , 18 ) (  2 ,  2 ) (  3 ,  6 ) (  1 ,  1 ) (  3 ,  ? ) (  3 , 10 ) (  5 ,  6 ) , 
	715      [Chawia ]  ( 11 , 18 ) (  2 ,  4 ) (  3 ,  5 ) (  1 ,  1 ) (  2 ,  3 ) ( 10 , 10 ) (  6 ,  6 ) , 
	894      [Chawia ]  ( 11 , 11 ) (  2 ,  2 ) (  3 ,  5 ) (  1 ,  1 ) (  2 ,  3 ) (  6 ,  8 ) (  2 ,  5 ) , 
	9        [Chawia ]  ( 16 , 18 ) (  2 ,  4 ) (  3 ,  3 ) (  1 ,  1 ) (  2 ,  2 ) (  3 ,  3 ) (  2 ,  4 ) , 
	952      [Chawia ]  ( 18 , 18 ) (  2 ,  2 ) (  3 ,  3 ) (  1 ,  3 ) (  2 ,  2 ) (  3 ,  3 ) (  5 ,  6 ) , 
	956      [Chawia ]  ( 16 , 16 ) (  2 ,  4 ) (  3 ,  5 ) (  1 ,  1 ) (  2 ,  3 ) (  3 , 10 ) (  5 ,  6 ) , 
	15       [Ngangao]  (  1 , 11 ) (  2 ,  2 ) (  3 ,  6 ) (  1 ,  2 ) (  2 ,  2 ) (  3 ,  5 ) (  1 ,  1 ) , 
	17       [Ngangao]  (  4 , 12 ) (  2 ,  3 ) (  3 ,  5 ) (  1 ,  1 ) (  2 ,  ? ) (  3 ,  3 ) (  1 ,  1 ) , 
	19       [Ngangao]  (  1 , 11 ) (  2 ,  5 ) (  4 ,  4 ) (  1 ,  1 ) (  3 ,  ? ) (  1 ,  1 ) (  1 ,  6 ) , 
	28       [Ngangao]  ( 11 , 12 ) (  2 ,  2 ) (  4 ,  4 ) (  1 ,  1 ) (  2 ,  3 ) (  3 ,  4 ) (  6 ,  6 ) , 
	34       [Ngangao]  (  2 ,  4 ) (  1 ,  3 ) (  4 ,  6 ) (  2 ,  2 ) (  2 ,  2 ) (  1 ,  4 ) (  6 ,  6 ) , 
	36       [Ngangao]  ( 11 , 12 ) (  2 ,  2 ) (  3 ,  4 ) (  1 ,  1 ) (  2 ,  2 ) (  3 ,  4 ) (  2 ,  6 ) , 
	38       [Ngangao]  (  1 , 10 ) (  2 ,  5 ) (  3 ,  4 ) (  1 ,  2 ) (  2 ,  2 ) (  3 ,  6 ) (  4 ,  6 ) , 
	40       [Ngangao]  ( 11 , 11 ) (  2 ,  3 ) (  5 ,  5 ) (  1 ,  1 ) (  2 ,  2 ) (  3 ,  3 ) (  1 ,  8 ) , 
	41       [Ngangao]  ( 12 , 20 ) (  2 ,  2 ) (  3 ,  6 ) (  1 ,  2 ) (  3 ,  ? ) (  1 ,  3 ) (  1 ,  6 ) , 
	42       [Ngangao]  ( 12 , 18 ) (  2 ,  3 ) (  5 ,  5 ) (  1 ,  1 ) (  2 ,  2 ) (  3 ,  4 ) (  2 ,  6 ) , 
	43       [Ngangao]  ( 12 , 12 ) (  5 ,  5 ) (  4 ,  4 ) (  1 ,  2 ) (  2 ,  ? ) (  3 ,  4 ) (  4 ,  6 ) , 
	44       [Ngangao]  (  5 , 11 ) (  2 ,  3 ) (  4 ,  4 ) (  1 ,  2 ) (  1 ,  ? ) (  3 ,  3 ) (  1 ,  6 ) , 
	48       [Ngangao]  ( 20 , 22 ) (  2 ,  2 ) (  3 ,  6 ) (  1 ,  2 ) (  2 ,  3 ) (  3 ,  3 ) (  1 ,  6 ) , 
	49       [Ngangao]  (  7 , 11 ) (  2 ,  3 ) (  4 ,  6 ) (  1 ,  2 ) (  3 ,  3 ) (  3 ,  5 ) (  1 ,  6 ) , 
	50       [Ngangao]  (  7 , 12 ) (  2 ,  2 ) (  1 ,  6 ) (  1 ,  1 ) (  3 ,  ? ) (  7 ,  9 ) (  1 ,  4 ) , 
	51       [Ngangao]  ( 12 , 12 ) (  2 ,  3 ) (  4 ,  4 ) (  1 ,  2 ) (  1 ,  2 ) (  3 ,  7 ) (  1 ,  6 ) , 
	52       [Ngangao]  ( 11 , 19 ) (  2 ,  2 ) (  3 ,  4 ) (  1 ,  2 ) (  1 ,  ? ) (  3 ,  3 ) (  1 ,  2 ) , 
	54       [Ngangao]  (  4 , 12 ) (  1 ,  2 ) (  1 ,  6 ) (  1 ,  1 ) (  2 ,  ? ) (  1 ,  6 ) (  6 ,  6 ) , 
	61       [Ngangao]  ( 11 , 11 ) (  1 ,  2 ) (  4 ,  6 ) (  1 ,  2 ) (  2 ,  2 ) (  3 ,  3 ) (  1 ,  4 ) , 
	7        [Ngangao]  (  7 , 11 ) (  2 ,  2 ) (  4 ,  5 ) (  2 ,  2 ) (  2 ,  ? ) (  3 ,  3 ) (  1 ,  6 ) , 
	817      [Ngangao]  (  1 , 11 ) (  2 ,  5 ) (  1 ,  5 ) (  1 ,  2 ) (  3 ,  3 ) (  3 ,  6 ) (  6 ,  6 ) , 
	827      [Ngangao]  (  3 , 11 ) (  2 ,  3 ) (  1 ,  6 ) (  1 ,  2 ) (  2 ,  ? ) (  1 ,  3 ) (  1 ,  6 ) , 
	828      [Ngangao]  ( 10 , 11 ) (  2 ,  2 ) (  3 ,  5 ) (  2 ,  2 ) (  3 ,  3 ) (  5 ,  7 ) (  1 ,  6 ) , 
	829      [Ngangao]  (  7 , 13 ) (  2 ,  5 ) (  4 ,  4 ) (  1 ,  3 ) (  2 ,  3 ) (  1 ,  5 ) (  6 ,  6 ) , 
	834      [Ngangao]  ( 10 , 20 ) (  2 ,  2 ) (  3 ,  6 ) (  2 ,  2 ) (  3 ,  ? ) (  3 ,  5 ) (  1 ,  6 ) , 
	845      [Ngangao]  (  3 , 12 ) (  2 ,  2 ) (  4 ,  6 ) (  1 ,  2 ) (  2 ,  3 ) (  3 ,  4 ) (  2 ,  6 ) , 
	846      [Ngangao]  ( 11 , 12 ) (  2 ,  2 ) (  4 ,  4 ) (  1 ,  1 ) (  2 ,  2 ) (  3 ,  4 ) (  6 ,  6 ) , 
	853      [Ngangao]  (  1 ,  7 ) (  2 ,  2 ) (  4 ,  6 ) (  1 ,  1 ) (  3 ,  3 ) (  1 ,  1 ) (  1 ,  8 ) , 
	864      [Ngangao]  ( 13 , 22 ) (  2 ,  2 ) (  6 ,  6 ) (  2 ,  3 ) (  2 ,  ? ) (  1 ,  6 ) (  1 ,  1 ) , 
	865      [Ngangao]  (  7 , 11 ) (  2 ,  2 ) (  5 ,  6 ) (  1 ,  1 ) (  2 ,  3 ) (  1 ,  6 ) (  6 ,  8 ) , 
	877      [Ngangao]  ( 10 , 12 ) (  2 ,  3 ) (  3 ,  4 ) (  1 ,  2 ) (  2 ,  3 ) (  5 ,  6 ) (  1 ,  2 ) , 
	884      [Ngangao]  ( 11 , 22 ) (  2 ,  5 ) (  6 ,  6 ) (  1 ,  2 ) (  2 ,  ? ) (  1 ,  6 ) (  1 ,  6 ) , 
	886      [Ngangao]  ( 12 , 22 ) (  2 ,  5 ) (  1 ,  4 ) (  1 ,  2 ) (  2 ,  2 ) (  3 ,  4 ) (  6 ,  6 ) , 
	890      [Ngangao]  ( 10 , 12 ) (  2 ,  5 ) (  6 ,  6 ) (  1 ,  2 ) (  2 ,  3 ) (  4 ,  5 ) (  1 ,  4 ) , 
	901      [Ngangao]  (  2 , 12 ) (  2 ,  3 ) (  5 ,  5 ) (  1 ,  3 ) (  2 ,  2 ) (  1 ,  4 ) (  1 ,  6 ) , 
	911      [Ngangao]  (  5 ,  5 ) (  3 ,  5 ) (  6 ,  6 ) (  2 ,  3 ) (  2 ,  ? ) (  3 ,  3 ) (  1 ,  2 ) , 
	915      [Ngangao]  ( 10 , 10 ) (  2 ,  3 ) (  1 ,  5 ) (  1 ,  2 ) (  3 ,  ? ) (  3 ,  7 ) (  6 ,  6 ) , 
	918      [Ngangao]  ( 11 , 11 ) (  2 ,  3 ) (  4 ,  4 ) (  1 ,  1 ) (  3 ,  ? ) (  3 ,  4 ) (  1 ,  6 ) , 
	920      [Ngangao]  (  5 ,  7 ) (  2 ,  3 ) (  4 ,  6 ) (  1 ,  1 ) (  2 ,  ? ) (  3 ,  6 ) (  1 ,  6 ) , 
	921      [Ngangao]  (  1 ,  7 ) (  2 ,  2 ) (  4 ,  6 ) (  1 ,  1 ) (  2 ,  2 ) (  3 ,  4 ) (  1 ,  6 ) , 
	928      [Ngangao]  ( 11 , 16 ) (  2 ,  3 ) (  4 ,  6 ) (  2 ,  2 ) (  3 ,  3 ) (  3 ,  7 ) (  4 ,  6 ) , 
	929      [Ngangao]  ( 11 , 12 ) (  2 ,  2 ) (  4 ,  6 ) (  1 ,  1 ) (  2 ,  ? ) (  3 ,  4 ) (  6 ,  6 ) , 
	933      [Ngangao]  ( 12 , 12 ) (  1 ,  3 ) (  5 ,  6 ) (  1 ,  1 ) (  3 ,  3 ) (  1 ,  5 ) (  1 ,  4 ) , 
	937      [Ngangao]  (  7 ,  7 ) (  3 ,  5 ) (  4 ,  6 ) (  1 ,  2 ) (  3 ,  3 ) (  3 ,  5 ) (  6 ,  6 ) , 
	951      [Ngangao]  ( 11 , 18 ) (  2 ,  3 ) (  4 ,  5 ) (  1 ,  1 ) (  3 ,  ? ) (  3 ,  3 ) (  6 ,  8 ) , 
	957      [Ngangao]  (  3 ,  7 ) (  2 ,  2 ) (  4 ,  6 ) (  1 ,  1 ) (  3 ,  ? ) (  3 ,  3 ) (  6 ,  6 ) , 
	966      [Ngangao]  (  8 , 22 ) (  2 ,  2 ) (  1 ,  1 ) (  1 ,  1 ) (  3 ,  ? ) (  1 ,  3 ) (  1 ,  6 ) , 
	967      [Ngangao]  (  5 , 12 ) (  2 ,  2 ) (  5 ,  6 ) (  1 ,  1 ) (  3 ,  ? ) (  4 ,  7 ) (  1 ,  1 ) , 
	968      [Ngangao]  ( 11 , 12 ) (  2 ,  2 ) (  1 ,  6 ) (  1 ,  2 ) (  2 ,  ? ) (  3 ,  3 ) (  6 ,  6 ) , 
	969      [Ngangao]  (  5 , 13 ) (  2 ,  3 ) (  1 ,  4 ) (  2 ,  2 ) (  2 ,  2 ) (  3 ,  7 ) (  1 ,  6 ) , 
	970      [Ngangao]  ( 12 , 19 ) (  2 ,  3 ) (  4 ,  4 ) (  1 ,  1 ) (  3 ,  3 ) (  3 ,  5 ) (  2 ,  6 ) , 
	974      [Ngangao]  ( 13 , 18 ) (  2 ,  3 ) (  4 ,  4 ) (  1 ,  2 ) (  2 ,  3 ) (  3 ,  3 ) (  6 ,  6 ) , 
	975      [Ngangao]  ( 11 , 11 ) (  2 ,  2 ) (  1 ,  4 ) (  1 ,  1 ) (  2 ,  ? ) (  3 ,  3 ) (  6 ,  6 ) , 
	976      [Ngangao]  (  1 , 12 ) (  3 ,  3 ) (  1 ,  6 ) (  2 ,  3 ) (  2 ,  2 ) (  6 ,  7 ) (  1 ,  6 ) , 
	724      [Yale   ]  (  5 , 19 ) (  2 ,  2 ) (  4 ,  4 ) (  1 ,  1 ) (  2 ,  3 ) (  3 ,  3 ) (  1 ,  1 ) , 
	755      [Yale   ]  ( 11 , 12 ) (  2 ,  2 ) (  4 ,  5 ) (  1 ,  1 ) (  2 ,  2 ) (  3 ,  3 ) (  2 ,  6 ) , 
	768      [Yale   ]  (  3 , 13 ) (  2 ,  3 ) (  3 ,  4 ) (  1 ,  3 ) (  3 ,  ? ) (  1 ,  3 ) (  4 ,  6 ) , 
	806      [Yale   ]  ( 12 , 19 ) (  2 ,  5 ) (  4 ,  6 ) (  1 ,  1 ) (  3 ,  3 ) (  3 ,  5 ) (  1 ,  6 )
	;
end;

